Gene	pval	adjp	log2fc	Chr	Start	End	Strand	Biotype	Name	Description	srpk3_hom_ttnb_het_1 count	srpk3_hom_ttnb_het_2 count	srpk3_hom_ttnb_het_7 count	srpk3_hom_ttnb_het_8 count	srpk3_hom_ttnb_het_9 count	srpk3_hom_ttnb_het_10 count	srpk3_wt_ttnb_het_1 count	srpk3_wt_ttnb_het_2 count	srpk3_wt_ttnb_het_3 count	srpk3_wt_ttnb_het_7 count	srpk3_wt_ttnb_het_8 count	srpk3_wt_ttnb_het_9 count	srpk3_hom_ttnb_het_1 normalised count	srpk3_hom_ttnb_het_2 normalised count	srpk3_hom_ttnb_het_7 normalised count	srpk3_hom_ttnb_het_8 normalised count	srpk3_hom_ttnb_het_9 normalised count	srpk3_hom_ttnb_het_10 normalised count	srpk3_wt_ttnb_het_1 normalised count	srpk3_wt_ttnb_het_2 normalised count	srpk3_wt_ttnb_het_3 normalised count	srpk3_wt_ttnb_het_7 normalised count	srpk3_wt_ttnb_het_8 normalised count	srpk3_wt_ttnb_het_9 normalised count	% variance explained
ENSDARG00000068006	0.7904889653490976	0.9845992087631424	0.2963257587486678	8	40476811	40490593	1	protein_coding	gck	glucokinase (hexokinase 4) [Source:ZFIN;Acc:ZDB-GENE-060825-204]	302	342	293	14	74	298	24	789	13	28	13	23	333.23833018733524	268.2293252833459	283.3876460716465	18.66323657467796	65.88460507631123	279.3636423084754	25.20831694164581	921.7498131449456	18.82745076763591	22.72725715316108	12.28840361356106	16.642931103955007	1.3336753711962972
ENSDARG00000115161	0.9605712602624995	0.9971883205043852	-0.046443544427406565	KN149950.1	74	5493	1	protein_coding	CABZ01069162.1	NA	4	703	482	345	530	378	488	472	432	582	3	303	4.4137527177130496	551.3602797490998	466.187185687828	459.9154727331354	471.8762255465534	354.3605932637708	512.56911114679815	551.4143368877241	625.650671662978	472.40227368356244	2.8357854492833217	219.25252715210289	1.2765431296854308
ENSDARG00000105265	0.823163586693837	0.9862242144240645	-0.4152071500961203	13	330611	337318	-1	protein_coding	zgc:171534	zgc:171534 [Source:ZFIN;Acc:ZDB-GENE-080218-6]	175	279	0	0	336	373	246	234	0	352	0	825	193.1016813999459	218.81866009957164	0	0	299.15172034649424	349.67328382906487	258.3852486518695	273.37066701637167	0	285.71408992545355	0	596.9747026418644	0.9854540738355639
ENSDARG00000078069	0.5724866173771241	0.9665053541237315	0.4576988634189626	19	47564890	47571808	-1	protein_coding	rrm2	ribonucleotide reductase M2 polypeptide [Source:NCBI gene;Acc:30733]	205	868	819	490	766	741	12	19	416	1122	809	556	226.2048267827938	680.769164754223	792.1313383367866	653.2132801137285	681.9946957899243	694.6592582234238	12.604158470822904	22.196763561158384	602.4784245643491	910.7136616373832	764.7168094900691	402.32476929560795	0.9694045542988252
ENSDARG00000104773	0.7302748348292392	0.9801310474101005	0.6751332396329979	3	7654655	7656059	-1	protein_coding	junbb	JunB proto-oncogene, AP-1 transcription factor subunit b [Source:ZFIN;Acc:ZDB-GENE-040426-2666]	310	332	0	282	2	271	0	0	0	336	274	333	342.0658356227613	260.3863625557627	0	375.9309081470846	1.7806650020624657	254.05217136106322	0	0	0	272.727085837933	259.00173770121006	240.9606981572616	0.9533983311227064
ENSDARG00000095464	0.5339694208736052	0.9628138917433751	0.2749563802328634	5	10046643	10056341	1	protein_coding	gstt2	glutathione S-transferase theta 2 [Source:NCBI gene;Acc:393493]	150	462	242	174	556	276	225	344	177	371	44	288	165.51572691423934	362.34487801434443	234.06078617521655	231.95736885671178	495.0248705733655	258.73948079576917	236.32797132792945	401.87824552834127	256.3429835285812	301.1361572793843	41.59151992282205	208.39844164952353	0.9434113737361601
ENSDARG00000105422	0.1443345677976248	0.8199836741591988	-0.8454405911099624	5	15841523	15851953	-1	protein_coding	si:dkey-1k23.3	si:dkey-1k23.3 [Source:ZFIN;Acc:ZDB-GENE-160113-121]	57	50	90	214	69	148	157	24	212	291	299	264	62.895976227410955	39.214813637916066	87.04739981722929	285.2809019272202	61.43294257115507	138.74435926729652	164.904406659933	28.038017129884278	307.03227405683174	236.20113684178122	282.6332831119044	191.03190484539658	0.8340430068620165
ENSDARG00000035438	0.28306776916007736	0.9022273118739327	0.8350192700727912	5	32221755	32233862	1	protein_coding	myhc4	myosin heavy chain 4 [Source:ZFIN;Acc:ZDB-GENE-030131-6206]	681	1027	710	1188	1026	1127	19	574	756	1219	32	615	751.4414001906466	805.472272122796	686.7072652248089	1583.7089321941012	913.4811460580449	1056.5195465827242	19.9565842454696	670.5759096897323	1094.8886754102114	989.447373917977	30.248378125688763	445.0175056057534	0.7973999905130397
ENSDARG00000036084	5.713351826517383e-4	0.05161213506002743	-2.7927974148799866	7	33145529	33148307	1	protein_coding	itln2	intelectin 2 [Source:ZFIN;Acc:ZDB-GENE-050411-58]	5	25	11	3	13	4	179	100	3	53	18	22	5.517190897141312	19.607406818958033	10.639126644328025	3.999264980288134	11.574322513406027	3.7498475477647704	188.0120305231083	116.82507137451782	4.344796330992902	43.01945103991204	17.01471269569993	15.919325403783049	0.7234005758721808
ENSDARG00000037873	0.06576520936880827	0.6651257590525244	0.7333897391764629	3	40947961	40955780	-1	protein_coding	cyp3c3	cytochrome P450, family 3, subfamily c, polypeptide 3 [Source:ZFIN;Acc:ZDB-GENE-041114-102]	292	454	108	77	371	321	126	169	124	279	74	149	322.2039483930526	356.0705078322779	104.45687978067515	102.64780116072878	330.3133578825874	300.9252657081228	132.3436639436405	197.43437062293512	179.5849150143733	226.46088377614075	69.94937441565527	107.81724932562156	0.7148564832842145
ENSDARG00000020711	0.06255425677710388	0.6592278745002866	-2.474215468287974	20	29492469	29499426	-1	protein_coding	rrm2	ribonucleotide reductase regulatory subunit M2 [Source:NCBI gene;Acc:100330864]	255	14	10	7	5	11	681	584	2	7	15	540	281.3767357542069	10.980147818616498	9.671933313025477	9.33161828733898	4.451662505156165	10.312080756353119	715.2859932191998	682.2584168271841	2.8965308873286015	5.68181428829027	14.178927246416608	390.74707809285667	0.6557488156353996
ENSDARG00000002204	5.026840399378947e-28	1.6218023368510592e-24	2.3543191026928265	21	20383837	20384878	1	protein_coding	hspb11	heat shock protein, alpha-crystallin-related, b11 [Source:NCBI gene;Acc:796767]	857	2043	713	867	1462	1075	174	176	168	432	202	191	945.6465197700209	1602.3172852452506	689.6088452187165	1155.7875793032708	1301.6661165076625	1007.771528461782	182.76029782693212	205.61212561915136	243.30859453560254	350.64911036305665	190.94288691841032	138.20868873284374	0.6445894387488583
ENSDARG00000101816	0.9273752205798704	0.994673346389428	0.03206328444108407	1	59252435	59287507	-1	protein_coding	col5a3b	collagen, type V, alpha 3b [Source:ZFIN;Acc:ZDB-GENE-110728-4]	978	3491	3325	1162	1133	2667	1210	1615	1195	1605	2550	4455	1079.1625394808405	2737.9782881992996	3215.917826580971	1549.0486356982706	1008.7467236683868	2500.2108524721607	1270.9193124746428	1886.7249026984628	1730.6772051788394	1302.758847529412	2410.4176318908235	3223.6633942660674	0.632710931896542
ENSDARG00000003523	0.284951621833738	0.9023370662064392	0.6911519624967118	14	16345003	16352209	1	protein_coding	itln3	intelectin 3 [Source:ZFIN;Acc:ZDB-GENE-090527-4]	269	407	176	233	32	273	11	60	117	264	210	264	296.82487026620254	319.2085830126368	170.2260263092484	310.6095801357117	28.49064003299945	255.9270951349456	11.553811931587662	70.09504282471069	169.4470569087232	214.2855674440902	198.5049814498325	191.03190484539658	0.6308249164123423
ENSDARG00000069017	0.7314191626319733	0.9801310474101005	-0.10520619206466093	21	40839857	40880353	-1	protein_coding	elnb	elastin b [Source:ZFIN;Acc:ZDB-GENE-061212-2]	83	190	245	61	103	169	77	100	113	94	215	318	91.58536889254577	149.01629182408107	236.96236616912418	81.3183879325254	91.70424760621698	158.43105889306156	80.87668352111363	116.82507137451782	163.65399513406598	76.29864901418362	203.23129053197138	230.10661265468224	0.6106076881441921
ENSDARG00000014717	0.7134176599264332	0.9768775969807534	0.12793033122281663	17	918005	945883	-1	protein_coding	dync1h1	dynein, cytoplasmic 1, heavy chain 1 [Source:ZFIN;Acc:ZDB-GENE-030131-7050]	497	1183	1172	428	653	1087	525	706	448	303	1026	1568	548.4087751758464	927.8224906730942	1133.550584286586	570.5618038544404	581.387123173395	1019.0210711050764	551.4319330985021	824.7850039040958	648.8229187616067	245.9413899074217	969.838623654896	1134.6137378696283	0.597029129666254
ENSDARG00000102175	0.01615851045824989	0.3748240126110721	-2.1200460043320657	16	50289916	50292583	1	protein_coding	hamp	hepcidin antimicrobial peptide [Source:NCBI gene;Acc:402837]	25	10	6	4	24	26	6	8	132	38	10	214	27.58595448570656	7.842962727583213	5.803159987815286	5.3323533070508455	21.36798002474959	24.374009060471007	6.302079235411452	9.346005709961425	191.1710385636877	30.844134707861464	9.45261816427774	154.85161983679873	0.5966775371573698
ENSDARG00000092578	0.02809914343529856	0.49771847477865316	-2.9908985616946344	10	28428222	28431809	1	protein_coding	si:ch211-222e20.4	si:ch211-222e20.4 [Source:ZFIN;Acc:ZDB-GENE-091118-60]	2	1	0	2	0	73	151	145	77	107	3	84	2.2068763588565248	0.7842962727583214	0	2.6661766535254228	0	68.43471774670707	158.60232742452155	169.39635349305084	111.51643916215116	86.85058983529413	2.8357854492833217	60.782878814444366	0.5883070494028431
ENSDARG00000031776	0.7122876545365004	0.9768775969807534	0.17124948913477667	3	32099507	32100999	1	protein_coding	fthl27	ferritin, heavy polypeptide-like 27 [Source:ZFIN;Acc:ZDB-GENE-040718-72]	1374	1835	478	474	1381	483	492	457	944	2122	464	708	1516.1240585344324	1439.1836605115197	462.3184123626178	631.8838668855252	1229.5491839241326	452.79409139259604	516.770497303739	533.8905761815464	1367.1625788191	1722.4014171074218	438.60148282248707	512.3128357217454	0.5793608678471653
ENSDARG00000021720	0.8510873588261054	0.9891714246371273	-0.04407990657608799	6	40184235	40312091	-1	protein_coding	col7a1	collagen, type VII, alpha 1 [Source:ZFIN;Acc:ZDB-GENE-030131-2427]	325	668	731	289	269	580	337	342	303	425	656	947	358.61740831418524	523.9099102025586	707.0183251821624	385.2625264344236	239.49944277740164	543.7278944258917	353.96678372227655	399.5417441008509	438.82442943028315	344.9672960747664	620.0917515766197	685.254598062843	0.5770282940052918
ENSDARG00000026403	0.001920324332527135	0.11947274029144025	-2.264559622734488	10	24394023	24416471	-1	protein_coding	hephl1b	hephaestin-like 1b [Source:ZFIN;Acc:ZDB-GENE-091204-388]	10	28	24	19	26	190	301	308	225	220	34	205	11.034381794282623	21.960295637232996	23.212639951261146	25.328678208491514	23.148645026812055	178.1177585188266	316.15430830980785	359.8212198335149	325.85972482446766	178.57130620340848	32.138901758544314	148.33916853525113	0.5751986828738431
ENSDARG00000007344	5.338482960973497e-34	2.4112859838125094e-30	2.35872630615451	3	21240594	21242460	-1	protein_coding	tcap	titin-cap (telethonin) [Source:ZFIN;Acc:ZDB-GENE-070501-5]	1675	3061	1493	1880	2189	1896	387	255	299	724	401	306	1848.2589505423393	2400.7308909132216	1444.0196436347037	2506.2060543138973	1948.9378447573688	1777.4277376405012	406.4841106840387	297.9039320050204	433.03136765562596	587.6619349603079	379.0499883875373	221.42334425261876	0.5427256856635511
ENSDARG00000076321	0.8667973106741738	0.9891714246371273	0.10345797969641955	9	48297412	48371379	-1	protein_coding	col28a2a	collagen, type XXVIII, alpha 2a [Source:ZFIN;Acc:ZDB-GENE-030131-4444]	304	507	462	294	79	97	330	293	46	69	371	622	335.44520654619174	397.63821028846894	446.84331906177704	391.92796806823713	70.3362675814674	90.93380303329569	346.61435794762986	342.2974591273372	66.62021040855784	56.00645512743266	350.6921338947041	450.0827455069571	0.5365555147446205
ENSDARG00000041065	2.2707646564578016e-11	1.4652271143269427e-8	1.1618860543332332	5	3568016	3584815	-1	protein_coding	hspb1	heat shock protein, alpha-crystallin-related, 1 [Source:NCBI gene;Acc:368243]	598	1458	680	596	1186	876	368	330	300	639	312	383	659.8560312981009	1143.5039656816325	657.6914652857324	794.5206427505759	1055.9343462230422	821.2166129604848	386.52752643856905	385.5227355359088	434.47963309929025	518.6684757453546	294.92168672546546	277.14098316585944	0.5222436719843123
ENSDARG00000023587	0.2713179922720696	0.8989265589376855	-0.6687663667078857	17	48683769	48705993	-1	protein_coding	kcnk5a	potassium channel, subfamily K, member 5a [Source:ZFIN;Acc:ZDB-GENE-051113-112]	664	500	850	345	55	66	687	669	496	476	707	1003	732.6829511403662	392.1481363791607	822.1143316071656	459.9154727331354	48.968287556717804	61.87248453811871	721.5880724546113	781.5597274955242	718.3396600574932	386.36337160373836	668.3001042144361	725.7765172724727	0.5185307226407401
ENSDARG00000104809	0.5047879753688559	0.9583450858037094	-0.26450543901230533	24	42004640	42018243	1	protein_coding	top1mt	DNA topoisomerase I mitochondrial [Source:ZFIN;Acc:ZDB-GENE-040624-2]	117	224	61	36	179	95	162	133	50	229	62	209	129.1022669931067	175.68236509786396	58.99879320945541	47.99117976345761	159.36951768459068	89.0588792594133	170.1561393561092	155.3773449281087	72.41327218321504	185.87649600263882	58.60623261852198	151.23359133593897	0.5181162693363608
ENSDARG00000035602	0.5773991193623157	0.9682451113536433	0.45867384602186007	5	20188438	20195350	-1	protein_coding	dao.1	D-amino-acid oxidase, tandem duplicate 1 [Source:ZFIN;Acc:ZDB-GENE-050913-127]	104	205	121	272	369	158	6	84	218	425	8	171	114.75757066053929	160.78073591545586	117.03039308760827	362.60002487945746	328.5326928805249	148.11897813670845	6.302079235411452	98.13305995459497	315.7218667188176	344.9672960747664	7.562094531422191	123.73657472940461	0.5167020452764843
ENSDARG00000036767	0.15222510802504266	0.8287974541074165	0.7727215716022797	19	7682109	7690975	-1	protein_coding	urgcp	upregulator of cell proliferation [Source:ZFIN;Acc:ZDB-GENE-120215-160]	485	850	518	383	650	764	586	51	380	90	229	745	535.1675170227072	666.6518318445732	501.0061456147197	510.5728291501184	578.7161256703014	716.2208816230711	615.5030719918518	59.58078640100408	550.3408685924343	73.05189799230347	216.46495596196021	539.0862466281078	0.5131215096759164
ENSDARG00000096242	0.8980136947173012	0.9912499239125471	-0.08871827829945063	3	28822065	28828569	-1	protein_coding	si:ch211-76l23.4	si:ch211-76l23.4 [Source:ZFIN;Acc:ZDB-GENE-030131-8310]	145	209	32	34	207	68	33	35	170	351	44	58	159.99853601709805	163.91792100648917	30.950186601681526	45.32500310993218	184.2988277134652	63.7474083120011	34.66143579476299	40.888774981081234	246.20512542293113	284.90240216998353	41.59151992282205	41.96913060997349	0.5031093219244746
ENSDARG00000089086	1.4843611094098827e-11	1.0158427665125087e-8	1.5288196928425983	11	18249809	18253111	-1	protein_coding	mustn1b	musculoskeletal, embryonic nuclear protein 1b [Source:ZFIN;Acc:ZDB-GENE-111129-2]	441	890	325	432	571	544	103	177	114	374	171	174	486.61623712786366	698.023682754906	314.337832673328	575.8941571614913	508.37985808883394	509.9792664960088	108.18569354122992	206.78037633289654	165.10226057773028	303.5712205457944	161.63977060914934	125.90739182992047	0.481926868283888
ENSDARG00000103457	0.6430852821031319	0.9695377108480284	0.6570689094052125	15	32798333	32818871	1	protein_coding	spartb	spartin b [Source:ZFIN;Acc:ZDB-GENE-060825-146]	1	131	2	81	1	7	3	1	1	4	5	174	1.1034381794282624	102.7428117313401	1.9343866626050954	107.98015446777961	0.8903325010312328	6.562233208588348	3.151039617705726	1.168250713745178	1.4482654436643008	3.2467510218801543	4.72630908213887	125.90739182992047	0.4794537430395014
ENSDARG00000098063	0.6871202669375949	0.9746839779965522	-0.23651744947180622	15	44618623	44637492	-1	protein_coding	alp3	alkaline phosphatase 3 [Source:ZFIN;Acc:ZDB-GENE-120919-1]	61	178	70	31	64	53	257	65	37	39	46	34	67.30972894512401	139.6047365509812	67.70353319117834	41.32573812964405	56.9812800659989	49.68548000788321	269.9390605834572	75.93629639343658	53.585821415579126	31.655822463331504	43.4820435556776	24.60259380584653	0.4775169575758583
ENSDARG00000103634	0.6402131057181485	0.9695377108480284	-1.3490372623103322	12	43701777	43711918	-1	protein_coding	CU914622.2	si:ch73-329n5.6 [Source:NCBI gene;Acc:101883339]	0	723	0	0	0	0	0	0	427	452	0	635	0	567.0462052042664	0	0	0	0	0	0	618.4093444446564	366.8828654724574	0	459.4896196091925	0.4751609542475047
ENSDARG00000114031	0.6253701715470921	0.9695377108480284	0.32977719365262387	24	40712794	40726073	-1	protein_coding	smyhc3	slow myosin heavy chain 3 [Source:ZFIN;Acc:ZDB-GENE-080930-1]	73	153	12	11	121	22	18	70	13	99	24	83	80.55098709826315	119.99732973202316	11.606319975630573	14.663971594389825	107.73023262477918	20.624161512706237	18.906237706234357	81.77754996216247	18.82745076763591	80.35708779153381	22.686283594266573	60.05927311427241	0.4712840521291387
ENSDARG00000091847	0.9398622269933321	0.9959409562638903	0.08939775998833284	15	42723126	42736433	-1	protein_coding	si:ch211-181d7.1	si:ch211-181d7.1 [Source:ZFIN;Acc:ZDB-GENE-121214-14]	171	155	0	283	130	285	0	147	235	135	151	334	188.68792868223287	121.56592227753981	0	377.2639964738473	115.74322513406027	267.1766377782399	0	171.7328549205412	340.3423792611107	109.5778469884552	142.73453428059386	241.68430385743355	0.4661850061407761
ENSDARG00000041540	0.2804608915894781	0.899833609270745	0.40441518131075266	8	46513743	46525092	-1	protein_coding	sult1st2	sulfotransferase family 1, cytosolic sulfotransferase 2 [Source:NCBI gene;Acc:791732]	126	492	368	175	221	357	223	107	170	100	195	515	139.03321060796105	385.8737661970941	355.92714591933753	233.29045718347447	196.76348272790247	334.6738936380058	234.22727824945898	125.00282637073407	246.20512542293113	81.16877554700386	184.3260542034159	372.65693558855776	0.4661663651770048
ENSDARG00000057035	4.813766078371326e-5	0.007596919393332461	-0.9411129590148245	10	24641229	24648231	-1	protein_coding	stoml3b	stomatin (EPB72)-like 3b [Source:ZFIN;Acc:ZDB-GENE-050417-366]	363	739	465	355	489	926	1287	1111	654	1452	490	1273	400.54805913245923	579.5949455683995	449.7448990556847	473.24635600076255	435.37259300427286	868.0897073075444	1351.7959959957566	1297.926542970893	947.1656001564527	1178.570620942496	463.1782900496092	921.150056318901	0.4535636280233682
ENSDARG00000058225	0.24921859132211413	0.8892405379758439	-1.8426019571619248	11	16139897	16152400	-1	protein_coding	arpc4l	actin related protein 2/3 complex, subunit 4, like [Source:ZFIN;Acc:ZDB-GENE-040808-18]	316	4	1	2	8	1	2	307	2	640	442	3	348.6864646993309	3.1371850910332855	0.9671933313025477	2.6661766535254228	7.122660008249863	0.9374618869411926	2.100693078470484	358.6529691197697	2.8965308873286015	519.4801635008247	417.80572286107605	2.1708171005158703	0.4401033316032668
ENSDARG00000068621	0.7677621381777059	0.9820709182336177	0.34896089923493573	15	42741272	42760110	-1	protein_coding	si:ch211-181d7.3	si:ch211-181d7.3 [Source:ZFIN;Acc:ZDB-GENE-121214-30]	196	285	0	307	191	335	0	134	199	161	154	450	216.2738831679394	223.52443773612157	0	409.2581163161524	170.05350769696548	314.04973212529956	0	156.54559564185388	288.2048232891959	130.68172863067622	145.57031972987718	325.62256507738056	0.4391240374693326
ENSDARG00000039069	0.6976934281781925	0.9761051011429215	0.20815599831532133	13	35391609	35472531	-1	protein_coding	slx4ip	SLX4 interacting protein [Source:NCBI gene;Acc:393383]	176	127	29	84	45	115	23	27	84	126	99	179	194.20511957937416	99.60562664030681	28.048606607773884	111.97941944806776	40.064962546405475	107.80811699823715	24.157970402410566	31.54276927111981	121.65429726780127	102.27265718922486	93.58091982634961	129.52542033078026	0.4369802540904574
ENSDARG00000103285	0.20782079498161254	0.8705544310269426	1.8474299782944752	KN149948.1	69090	81179	-1	protein_coding	CCDC134	si:dkey-167k11.5 [Source:ZFIN;Acc:ZDB-GENE-091204-218]	87	191	6	1	1	144	2	0	1	121	4	3	95.99912161025883	149.80058809683936	5.803159987815286	1.3330883267627114	0.8903325010312328	134.99451171953174	2.100693078470484	0	1.4482654436643008	98.21421841187467	3.7810472657110954	2.1708171005158703	0.43210574807967655
ENSDARG00000097770	0.843964743301171	0.9881863946756028	0.2276252418437122	15	23799461	23801499	1	protein_coding	si:ch211-167j9.4	si:ch211-167j9.4 [Source:ZFIN;Acc:ZDB-GENE-131121-196]	197	359	259	77	110	0	220	221	0	103	162	118	217.37732134736768	281.5623619202374	250.50307280735984	102.64780116072878	97.93657511343561	0	231.07623863175326	258.1834077376844	0	83.60383881341397	153.13241426129937	85.3854726202909	0.41964524510650064
ENSDARG00000100552	0.9134214544841273	0.9931937438044443	-0.2137143884690923	KN150328.1	3117	12840	1	protein_coding	taco1	translational activator of mitochondrially encoded cytochrome c oxidase I [Source:ZFIN;Acc:ZDB-GENE-070410-35]	1	1	0	0	92	80	0	4	48	131	4	0	1.1034381794282624	0.7842962727583214	0	0	81.91059009487343	74.99695095529542	0	4.673002854980712	69.51674129588643	106.33109596657505	3.7810472657110954	0	0.41297021771530423
ENSDARG00000115978	0.2946710217198496	0.9052802947796345	0.7282050932556161	4	77561226	77561679	-1	protein_coding	AL935186.10	NA	41	88	553	71	28	228	29	78	107	152	142	82	45.24096535655875	69.01807200273228	534.8579122103089	94.6492712001525	24.92931002887452	213.74131022259192	30.460049637822017	91.1235556721239	154.9644024720802	123.37653883144586	134.2271779327439	59.335667414100456	0.41140712792335543
ENSDARG00000087188	0.002219519097942136	0.1293356561293152	-0.7152772205992151	3	14099693	14103551	-1	protein_coding	nfil3-6	nuclear factor, interleukin 3 regulated, member 6 [Source:ZFIN;Acc:ZDB-GENE-040704-63]	397	467	451	335	591	474	902	1013	631	536	491	587	438.06495723302015	366.2663593781361	436.204192417449	446.5845894655083	526.1865081094586	444.3569344101253	947.4125783901883	1183.4379730238654	913.8554949521738	435.06463693194064	464.12355186603696	424.7565460009386	0.4108368912259584
ENSDARG00000093054	0.6131454072428084	0.9692516360940507	-0.8846448749696152	5	42322847	42344441	1	processed_transcript	BX548073.3	NA	73	83	79	0	0	0	118	65	2	0	145	97	80.55098709826315	65.09659063894067	76.40827317290127	0	0	0	123.94089162975855	75.93629639343658	2.8965308873286015	0	137.06296338202722	70.18975291667981	0.4089064392051176
ENSDARG00000058794	0.8317827925576997	0.9868561794935962	-0.1198575707751799	22	6073628	6082447	-1	protein_coding	si:dkey-19a16.2	si:dkey-19a16.2 [Source:ZFIN;Acc:ZDB-GENE-050208-493]	140	194	22	105	174	174	132	18	209	122	172	181	154.48134511995673	152.15347691511434	21.27825328865605	139.9742743100847	154.91785517943453	163.1183683277675	138.64574317905195	21.028512847413207	302.68747772583885	99.0259061673447	162.5850324255771	130.97263173112418	0.40634750692186633
ENSDARG00000078674	8.434402920080533e-25	2.3810319443387346e-21	3.031848265567571	3	33300522	33301321	1	protein_coding	hspb9	heat shock protein, alpha-crystallin-related, 9 [Source:ZFIN;Acc:ZDB-GENE-080214-6]	581	1524	825	684	1410	1211	84	59	84	249	174	110	641.0975822478204	1195.2675196836817	797.9344983246018	911.8324155056946	1255.3688264540383	1135.2663450857842	88.22910929576032	68.92679211096551	121.65429726780127	202.1102511120396	164.47555605843266	79.59662701891524	0.40603167608985496
ENSDARG00000103013	0.029937861713119393	0.5096763166498579	0.867460901524834	10	21730585	21820133	1	protein_coding	pcdh1g22	protocadherin 1 gamma 22 [Source:ZFIN;Acc:ZDB-GENE-030131-2695]	249	281	259	147	307	166	57	60	37	154	300	217	274.7561066776373	220.3872526450883	250.50307280735984	195.96398403411857	273.3320778165885	155.61867323223797	59.86975273640879	70.09504282471069	53.585821415579126	124.99991434238594	283.5785449283322	157.0224369373146	0.405437091692913
ENSDARG00000096990	0.6200680154715438	0.9692516360940507	-0.23682523843821468	15	46344655	46355392	1	protein_coding	si:ch1073-340i21.2	si:ch1073-340i21.2 [Source:ZFIN;Acc:ZDB-GENE-131121-430]	161	215	236	41	85	70	267	163	44	198	162	83	177.65354688795023	168.6236986430391	228.25762618740126	54.65662139727117	75.6782625876548	65.62233208588349	280.44252597580964	190.42486634046404	63.723679521229236	160.71417558306763	153.13241426129937	60.05927311427241	0.39910558127847306
ENSDARG00000023656	0.6496412232382291	0.9706342746249945	-1.0312887521603664	22	14093306	14094746	1	protein_coding	he1.1	hatching enzyme 1, tandem duplicate 1 [Source:ZFIN;Acc:ZDB-GENE-021211-3]	6	0	20	8	0	33	87	40	0	0	0	0	6.620629076569574	0	19.343866626050954	10.664706614101691	0	30.936242269059356	91.38014891346606	46.73002854980712	0	0	0	0	0.3954117678475934
ENSDARG00000094215	0.030371019714485064	0.5114833029320884	-1.0389830138478005	4	76988215	77004811	-1	antisense	BX005417.1	uncharacterized LOC108183423 [Source:NCBI gene;Acc:108183423]	31	37	20	8	25	30	46	22	32	21	153	20	34.20658356227613	29.01896209205789	19.343866626050954	10.664706614101691	22.25831252578082	28.12385660823578	48.31594080482113	25.70151570239392	46.344494197257625	17.04544286487081	144.6250579134494	14.472114003439135	0.3939612850428111
ENSDARG00000089382	0.19108411635936406	0.8589657014052305	0.8250799126934959	5	824709	825920	-1	protein_coding	zgc:158463	zgc:158463 [Source:ZFIN;Acc:ZDB-GENE-070410-9]	93	145	1126	209	90	401	90	165	196	269	274	143	102.6197506868284	113.7229595499566	1089.0596910466686	278.61546029340667	80.12992509281095	375.9222166634182	94.53118853117178	192.7613677679544	283.8600269582029	218.34400622144037	259.00173770121006	103.47561512458982	0.39104336101573633
ENSDARG00000117011	0.2043641780876646	0.8705544310269426	0.6347917707563128	13	159504	178764	1	protein_coding	ewsr1b	EWS RNA-binding protein 1b [Source:ZFIN;Acc:ZDB-GENE-030131-1600]	206	213	110	81	129	113	74	70	12	37	181	214	227.30826496222204	167.05510609752244	106.39126644328024	107.98015446777961	114.85289263302904	105.93319322435477	77.72564390340791	81.77754996216247	17.37918532397161	30.032446952391428	171.09238877342707	154.85161983679873	0.39051764405520134
ENSDARG00000073870	0.5495207354598549	0.963350989884724	0.18650405394416333	14	33219370	33265068	-1	protein_coding	gdpd2	glycerophosphodiester phosphodiesterase domain containing 2 [Source:ZFIN;Acc:ZDB-GENE-081107-62]	522	421	656	141	669	454	505	457	239	458	438	307	575.9947296615529	330.1887308312533	634.4788253344713	187.9654540735423	595.6324431898947	425.6076966713015	530.4250023137972	533.8905761815464	346.1354410357679	371.75299200527763	414.02467559536495	222.14694995279072	0.3892967798712243
ENSDARG00000069630	0.46413712043233163	0.9482465462865	-0.16867110960595944	18	13162728	13179510	1	protein_coding	tat	tyrosine aminotransferase [Source:ZFIN;Acc:ZDB-GENE-030131-1144]	278	692	464	576	540	616	659	637	473	680	270	807	306.75581388105695	542.7330207487583	448.77770572438214	767.8588762153217	480.77955055686573	577.4765223557747	692.1783693560245	744.1757046556785	685.0295548532142	551.9476737196262	255.22069043549897	583.9498000387691	0.38480724915578385
ENSDARG00000092044	0.23518115055675018	0.8839021714329399	0.45630613125341385	21	30651064	30658520	-1	protein_coding	si:dkey-22f5.9	si:dkey-22f5.9 [Source:ZFIN;Acc:ZDB-GENE-091204-260]	368	1073	805	158	845	1098	303	778	352	481	408	578	406.0652500296005	841.5499006696788	778.5906316985509	210.6279556285084	752.3309633713918	1029.3331518614295	318.25500138827834	908.8990552937486	509.7894361698339	390.42181038108856	385.66682110253174	418.244094699391	0.3837346382217006
ENSDARG00000091187	0.5907057412441942	0.9692516360940507	-0.12732681541350477	21	37049427	37075542	-1	protein_coding	BX649250.2	ubiquitin interaction motif containing 1 [Source:NCBI gene;Acc:100535018]	481	676	311	433	341	328	546	472	194	729	276	722	530.7537643049942	530.1842803846253	300.79712603509233	577.227245488254	303.6033828516504	307.48749891671116	573.4892104224422	551.4143368877241	280.9634960708743	591.7203737376581	260.8922613340656	522.4433155241528	0.37743537950576417
ENSDARG00000111110	0.5330193275823862	0.9619393075052429	0.26484153182271397	8	53794022	53803429	-1	protein_coding	BSN	bassoon presynaptic cytomatrix protein [Source:HGNC Symbol;Acc:HGNC:1117]	518	427	664	270	462	537	446	452	265	68	554	541	571.5809769438399	334.89450846780323	642.2163719848917	359.9338482259321	411.3336154764296	503.41703328742045	468.45455649891795	528.0493226128206	383.79034257103973	55.19476737196262	523.6750463009868	391.4706837930286	0.3734734932304227
ENSDARG00000027744	0.05996220845257678	0.6535219898035934	0.4369879467542043	11	6456146	6457748	1	protein_coding	gadd45ba	growth arrest and DNA-damage-inducible, beta a [Source:ZFIN;Acc:ZDB-GENE-040426-1971]	575	630	335	367	281	316	282	403	171	423	297	275	634.4769531712508	494.10665183774245	324.0097659863535	489.2434159219151	250.18343278977642	296.2379562734169	296.1977240643383	470.8050376393068	247.65339086659543	343.3439205638263	280.74275947904886	198.9915675472881	0.36991608560290135
ENSDARG00000025428	0.06959507911802189	0.6687783103772041	0.5862593591382966	3	57423137	57425961	-1	protein_coding	socs3a	suppressor of cytokine signaling 3a [Source:ZFIN;Acc:ZDB-GENE-030131-7349]	468	412	260	376	216	230	254	291	136	253	224	154	516.4090679724268	323.1300643764284	251.4702661386624	501.24121086277944	192.3118202227463	215.6162339964743	266.78802096575146	339.96095769984686	196.9641003383449	205.35700213391976	211.73864687982135	111.43527782648134	0.3680011819575375
ENSDARG00000055518	0.6023343882227228	0.9692516360940507	0.14749034213136136	21	28445052	28472239	1	protein_coding	pygma	phosphorylase, glycogen, muscle A [Source:ZFIN;Acc:ZDB-GENE-050522-482]	1802	2449	1498	1926	1023	974	1532	1465	806	2559	1083	1673	1988.3955993297286	1920.741571985129	1448.8556102912164	2567.528117344982	910.8101485549512	913.0878778807216	1609.1308981083907	1711.487295636686	1167.3019475934263	2077.1089662478284	1023.7185471912792	1210.5923363876836	0.3618320215861836
ENSDARG00000018566	1.8658443608370876e-9	1.0032911677415424e-6	1.620396976544608	25	35019693	35041057	1	protein_coding	flnca	filamin C, gamma a (actin binding protein 280) [Source:ZFIN;Acc:ZDB-GENE-070503-1]	1125	4638	1193	1396	2844	1821	707	458	518	823	688	831	1241.3679518567951	3637.5661130530943	1153.8616442439395	1860.9913041607451	2532.105632932826	1707.1180961199118	742.5950032393162	535.0588268952916	750.2014998181078	668.0190227518417	650.3401297023084	601.316336842896	0.36005388609315697
ENSDARG00000095142	0.22931426103889485	0.87972833899559	-0.7626487850602112	5	32831561	32859700	1	protein_coding	si:ch211-208h16.4	si:ch211-208h16.4 [Source:ZFIN;Acc:ZDB-GENE-060526-98]	121	103	142	17	20	30	192	104	24	50	217	151	133.51601971081973	80.7825160941071	137.34145304496178	22.66250155496609	17.80665002062466	28.12385660823578	201.66653553316647	121.49807422949853	34.75837064794322	40.58438777350193	205.12181416482693	109.26446072596548	0.3556482817678152
ENSDARG00000104734	0.5311811883909493	0.9617013455225518	-0.2021775178308495	3	17653784	17680114	1	protein_coding	kat2a	K(lysine) acetyltransferase 2A [Source:NCBI gene;Acc:555517]	119	203	60	53	219	114	77	45	125	181	207	240	131.30914335196323	159.21214336993924	58.03159987815286	70.65368131842371	194.98281772584	106.87065511129596	80.87668352111363	52.57128211853302	181.0331804580376	146.91548374007698	195.6691960005492	173.66536804126963	0.355403771299411
ENSDARG00000006588	0.2706844306621492	0.8989265589376855	0.6125544475892569	1	45173421	45177401	-1	protein_coding	zgc:111983	zgc:111983 [Source:ZFIN;Acc:ZDB-GENE-050417-335]	2135	6402	1292	1617	6021	2135	1528	659	3376	856	2748	1814	2355.84051307934	5021.064738198773	1249.6137840428917	2155.603824375304	5360.691988709053	2001.4811286194463	1604.9295119514497	769.8772203580725	4889.344137810679	694.804718682353	2597.5794715435227	1312.6207401119295	0.3546486639509319
ENSDARG00000058771	0.4283523684055932	0.940588735494373	0.2783956007295263	6	54888493	55022544	1	protein_coding	nav1b	neuron navigator 1b [Source:ZFIN;Acc:ZDB-GENE-120215-84]	489	533	556	250	493	543	368	414	290	98	495	626	539.5812697404202	418.0299133801853	537.7594922042165	333.27208169067785	438.9339230083978	509.0418046090676	386.52752643856905	483.65579549050375	419.9969786626472	79.54540003606378	467.90459913174806	452.97716830764494	0.35338101246522996
ENSDARG00000097721	0.7335668620938369	0.9802386157218986	-0.22887125828952626	25	37331128	37337143	1	lincRNA	CU207301.3	NA	5	19	60	68	61	62	44	44	69	126	12	26	5.517190897141312	14.901629182408106	58.03159987815286	90.65000621986437	54.3102825629052	58.122636990353946	46.21524772635065	51.40303140478784	99.93031561283675	102.27265718922486	11.343141797133287	18.813748204470876	0.3527997015303032
ENSDARG00000100311	0.5165341939245532	0.9594023909454243	1.1029632490773096	4	51542447	51598177	1	protein_coding	si:dkey-165e24.1	si:dkey-165e24.1 [Source:ZFIN;Acc:ZDB-GENE-081103-19]	123	4	0	2	160	248	1	0	0	85	82	128	135.72289606967627	3.1371850910332855	0	2.6661766535254228	142.45320016499727	232.49054796141579	1.050346539235242	0	0	68.99345921495328	77.51146894707746	92.62152962201047	0.3522888482031281
ENSDARG00000102440	0.47406241587384224	0.9498338895899939	0.38867814259100975	KN150605.1	65045	76149	1	protein_coding	CABZ01070852.1	NA	164	62	50	32	171	243	46	25	44	148	147	185	180.963861426235	48.62636891101592	48.359666565127384	42.658826456406764	152.24685767634082	227.8032385267098	48.31594080482113	29.206267843629455	63.723679521229236	120.12978780956571	138.95348701488277	133.867054531812	0.34755848279141566
ENSDARG00000100131	0.055181357479019	0.6378725414424963	-0.9240289899592843	7	53152108	53210386	1	protein_coding	cdh29	cadherin 29 [Source:ZFIN;Acc:ZDB-GENE-141212-240]	230	434	241	45	285	122	407	300	484	487	446	124	253.79078126850033	340.3845823771115	233.093592843914	59.98897470432201	253.74476279390137	114.3703502068255	427.4910414687435	350.4752141235534	700.9604747335216	395.2919369139088	421.58677012678714	89.72710682132264	0.34219623253168857
ENSDARG00000022614	0.5589505008769957	0.963350989884724	0.2769322440765326	13	27332656	27354033	-1	protein_coding	ddx43	DEAD (Asp-Glu-Ala-Asp) box polypeptide 43 [Source:ZFIN;Acc:ZDB-GENE-080204-77]	36	194	68	97	55	120	71	43	75	187	42	39	39.72377445941744	152.15347691511434	65.76914652857324	129.309567695983	48.968287556717804	112.49542643294312	74.57460428570218	50.23478069104266	108.61990827482256	151.7856102728972	39.700996289966504	28.220622306706314	0.34192312803426594
ENSDARG00000090600	0.596105164535324	0.9692516360940507	0.3058107629868031	22	8979955	8996337	1	protein_coding	si:ch211-213a13.1	si:ch211-213a13.1 [Source:ZFIN;Acc:ZDB-GENE-050208-471]	125	201	274	94	155	126	122	214	3	165	117	186	137.9297724285328	157.6435508244226	265.0109727768981	125.31030271569486	138.0015376598411	118.12019775459028	128.14227778669954	250.00565274146814	4.344796330992902	133.92847965255638	110.59563252204954	134.59066023198395	0.33987439660975516
ENSDARG00000103220	0.9770712262117766	0.9985685738171153	0.01062384935199674	25	37443194	37445449	1	protein_coding	slc10a3	solute carrier family 10 member 3 [Source:ZFIN;Acc:ZDB-GENE-040426-2347]	144	416	268	388	551	460	296	207	326	798	177	452	158.89509783766977	326.2672494674617	259.20781278908277	517.238270783932	490.5732080682093	431.2324679929486	310.90257561363165	241.82789774525187	472.13453463456204	647.7268288650907	167.31134150771598	327.0697764777245	0.3381497302943467
ENSDARG00000097728	0.9885150390114931	0.9988757182040141	0.026973298805642035	4	29139757	29142639	-1	lincRNA	CR388132.1	NA	54	1	0	0	39	140	1	0	0	115	76	77	59.58566168912616	0.7842962727583214	0	0	34.72296754021808	131.24466417176697	1.050346539235242	0	0	93.34409187905443	71.83989804851082	55.71763891324067	0.3375644573532664
ENSDARG00000089245	0.5368723998447396	0.9628138917433751	1.1323858105813345	17	6276559	6282608	1	protein_coding	dusp23b	dual specificity phosphatase 23b [Source:ZFIN;Acc:ZDB-GENE-040718-163]	97	1	90	2	1	2	0	75	0	3	0	2	107.03350340454145	0.7842962727583214	87.04739981722929	2.6661766535254228	0.8903325010312328	1.8749237738823852	0	87.61880353088836	0	2.4350632664101157	0	1.4472114003439136	0.3349728680819604
ENSDARG00000053526	0.602522121677775	0.9692516360940507	0.1694020034002145	12	32413524	32421046	-1	protein_coding	enpp7.1	ectonucleotide pyrophosphatase/phosphodiesterase 7, tandem duplicate 1 [Source:ZFIN;Acc:ZDB-GENE-040724-13]	395	1138	354	308	1088	1109	936	424	387	706	544	708	435.8580808741636	892.5291583989697	342.3864392811019	410.5912046429151	968.6817611219814	1039.6452326177825	983.1243607241865	495.33830262795556	560.4787266980844	573.0515553618472	514.222428136709	512.3128357217454	0.33495933280686796
ENSDARG00000095351	0.06429365270425622	0.663320170248023	-0.44809991082131334	8	44340504	44344742	-1	processed_transcript	CU914776.1	NA	199	363	171	172	241	187	179	182	241	299	219	770	219.5841977062242	284.6995470112706	165.39005965273566	229.29119220318634	214.57013274852713	175.305372858003	188.0120305231083	212.6216299016224	349.0319719230965	242.69463888554154	207.01233779768248	557.1763891324067	0.3348524658184283
ENSDARG00000116164	0.7586626989087244	0.9813904706060057	-0.09601540335596827	9	22134731	22135576	-1	protein_coding	crygm2d8	crystallin, gamma M2d8 [Source:ZFIN;Acc:ZDB-GENE-040718-321]	5111	3095	5852	5360	4309	4358	5152	5156	2925	9179	5739	3078	5639.672535057849	2427.3969641870044	5660.015374782509	7145.353431448133	3836.4427469435823	4085.4589032897175	5411.385370139967	6023.5006800701385	4236.17642271808	7450.481907459484	5424.857564478994	2227.258345129283	0.3334134339346765
ENSDARG00000032816	0.21014202359464565	0.8705544310269426	-0.4933161051654195	10	26972755	26978376	1	protein_coding	tm7sf2	transmembrane 7 superfamily member 2 [Source:ZFIN;Acc:ZDB-GENE-041212-19]	106	351	127	113	419	499	433	320	285	383	176	559	116.9644470193958	275.2879917381708	122.83355307542355	150.63898092418637	373.0493179320866	467.79348158365514	454.8000514888598	373.840228398457	412.75565144432574	310.8764103450248	166.3660796912882	404.4955863961238	0.33261831118620655
ENSDARG00000100366	0.4196241728729131	0.9378319960575823	-0.35174043842528363	14	14836468	14838541	1	protein_coding	si:dkey-102m7.3	si:dkey-102m7.3 [Source:ZFIN;Acc:ZDB-GENE-091204-389]	57	197	55	128	55	115	56	51	99	242	114	270	62.895976227410955	154.50636573338932	53.19563322164012	170.63530582562706	48.968287556717804	107.80811699823715	58.819406197173556	59.58078640100408	143.3782789227658	196.42843682374934	107.75984707276622	195.37353904642833	0.33190644544858533
ENSDARG00000089749	0.9441087252406757	0.9959409562638903	0.02891497274422488	3	18572279	18575868	-1	protein_coding	aqp8b	aquaporin 8b [Source:ZFIN;Acc:ZDB-GENE-080220-47]	28	53	95	97	42	44	61	79	15	137	46	41	30.896269023991344	41.56770245619103	91.88336647374203	129.309567695983	37.39396504331178	41.248323025412475	64.07113889334977	92.29180638586908	21.72398165496451	111.20122249939529	43.4820435556776	29.667833707050228	0.33094203156597674
ENSDARG00000015025	0.629098350418027	0.9695377108480284	0.14872415553235974	23	597082	637347	-1	protein_coding	l1camb	L1 cell adhesion molecule, paralog b [Source:NCBI gene;Acc:30656]	541	554	630	296	483	559	471	475	329	152	561	716	596.9600550706899	434.50013510811004	609.3317987206051	394.5941447217626	430.03059799808545	524.0411948001267	494.71321997979896	554.9190890289597	476.47933096555494	123.37653883144586	530.2918790159812	518.101681323121	0.3308605897045642
ENSDARG00000075016	0.2402191703212599	0.8858524057477505	0.8705550483509754	20	53439665	53470252	1	protein_coding	apobb.2	apolipoprotein Bb, tandem duplicate 2 [Source:ZFIN;Acc:ZDB-GENE-070705-554]	456	266	744	157	92	197	101	534	38	42	171	87	503.16780981928764	208.62280855371347	719.5918384890955	209.29486730174568	81.91059009487343	184.67999172741494	106.08500046275944	623.8458811399252	55.03408685924343	34.09088572974162	161.63977060914934	62.953695914960235	0.33001389940375525
ENSDARG00000104572	0.49604202143817017	0.9547794607150509	0.21028424246111097	14	13036560	13048355	-1	protein_coding	si:dkey-35h6.1	si:dkey-35h6.1 [Source:ZFIN;Acc:ZDB-GENE-141216-112]	912	987	1351	758	951	1017	1010	1091	382	866	1251	448	1006.3356196385753	774.1004212124632	1306.678190589742	1010.4809516861352	846.7062084807025	953.3987390191929	1060.8500046275944	1274.5615286959894	553.2373994797629	702.9215962370533	1182.5225323511452	324.17535367703664	0.32675689098664634
ENSDARG00000028625	0.001294239744523793	0.09520882863298158	0.5698219403237412	23	35721607	35756115	-1	protein_coding	jph2	junctophilin 2 [Source:ZFIN;Acc:ZDB-GENE-030131-9848]	4096	3843	3126	3769	3925	3949	2947	2998	2008	2322	2243	2540	4519.682782938163	3014.050576210229	3023.446353651764	5024.409903568659	3494.555066547589	3702.0369915307697	3095.3712511262584	3502.415639808044	2908.117010877916	1884.7389682014295	2120.222254247497	1837.95847843677	0.3248300549867255
ENSDARG00000092898	0.3639366790198572	0.9243215030455869	-0.5225160094254339	24	5789582	5798424	1	protein_coding	si:ch211-157j23.3	si:ch211-157j23.3 [Source:ZFIN;Acc:ZDB-GENE-091117-36]	85	79	31	10	64	25	47	94	20	116	112	19	93.79224525140229	61.95940554790739	29.98299327037898	13.330883267627113	56.9812800659989	23.436547173529817	49.366287344056374	109.81556709204675	28.965308873286016	94.15577963452448	105.86932343991067	13.748508303267178	0.3239872936138605
ENSDARG00000100872	1.734421631720744e-11	1.1520640626700377e-8	1.7476762972013125	24	9298198	9299478	1	protein_coding	otud1	OTU deubiquitinase 1 [Source:ZFIN;Acc:ZDB-GENE-170421-2]	204	267	138	293	215	133	81	49	40	98	61	57	225.1013886033655	209.4071048264718	133.4726797197516	390.5948797414744	191.42148772171507	124.68243096317862	85.0780696780546	57.24428497351373	57.93061774657203	79.54540003606378	57.660970802094205	41.24552490980154	0.3223474080486452
ENSDARG00000090108	0.9712332658148263	0.9981226522222943	-0.011461843884512105	25	37126921	37137446	1	protein_coding	si:ch1073-174d20.1	si:ch1073-174d20.1 [Source:ZFIN;Acc:ZDB-GENE-121214-359]	218	178	181	45	99	99	115	132	64	80	235	204	240.54952311536118	139.6047365509812	175.06199296576114	59.98897470432201	88.14291760209206	92.80872680717808	120.78985201205283	154.20909421436352	92.68898839451525	64.93502043760309	222.13652686052686	147.61556283507917	0.3204439800275835
ENSDARG00000067607	0.10618432170671556	0.7585703200838501	0.4965186532226136	3	62064805	62087346	-1	protein_coding	srebf1	sterol regulatory element binding transcription factor 1 [Source:ZFIN;Acc:ZDB-GENE-090812-3]	637	690	738	300	537	706	382	440	297	154	568	654	702.8901202958031	541.1644282032418	713.7886785012802	399.9264980288134	478.108553053772	661.848092180482	401.23237798786244	514.0303140478784	430.1348367682973	124.99991434238594	536.9087117309756	473.23812791245973	0.3202829579493918
ENSDARG00000087143	0.024407493703157767	0.46274833529863074	0.557726445337624	5	28830388	28832950	1	protein_coding	serpina7	serpin peptidase inhibitor, clade A (alpha-1 antiproteinase, antitrypsin), member 7 [Source:ZFIN;Acc:ZDB-GENE-041010-47]	115	192	376	206	211	355	109	132	123	165	244	227	126.89539063425016	150.5848843695977	363.66469256975796	274.6161953131185	187.86015771759014	332.79896986412336	114.48777277664138	154.20909421436352	178.13664957070898	133.92847965255638	230.64388320837682	164.2584939390342	0.31583584302204426
ENSDARG00000094331	0.6007929309584552	0.9692516360940507	0.9059188678108334	2	11337040	11337983	-1	sense_intronic	BX901918.2	NA	48	0	2	3	64	136	0	0	0	39	47	74	52.96503261255659	0	1.9343866626050954	3.999264980288134	56.9812800659989	127.4948166240022	0	0	0	31.655822463331504	44.42730537210537	53.5468218127248	0.31450685596469424
ENSDARG00000103973	0.5734496713366223	0.9670117737267873	-1.0990320410857695	KN150654.1	8142	14617	-1	protein_coding	CABZ01051602.1	sushi, nidogen and EGF-like domain-containing protein 1 [Source:NCBI gene;Acc:103910028]	4	754	1	0	4	0	1	2	428	427	2	435	4.4137527177130496	591.3593896597743	0.9671933313025477	0	3.5613300041249314	0	1.050346539235242	2.336501427490356	619.8576098883208	346.59067158570645	1.8905236328555477	314.7684795748012	0.310769514165201
ENSDARG00000089124	0.5462999014351384	0.963350989884724	-0.2181398940867098	3	55138413	55139127	-1	protein_coding	hbae1.3	hemoglobin, alpha embryonic 1.3 [Source:ZFIN;Acc:ZDB-GENE-061207-39]	509	1157	909	464	566	416	994	764	206	1034	1135	475	561.6500333289855	907.4307875813778	879.1787381540158	618.552983617898	503.9281955836778	389.9841449675361	1044.0444599998307	892.5435453013162	298.34268139484595	839.2851391560199	1072.8721616455234	343.71270758167947	0.3092859371321348
ENSDARG00000090722	0.1835982126834501	0.85126431333496	-0.2892169681450744	20	1412193	1421005	1	protein_coding	C20H6orf58	liver-enriched gene 1, tandem duplicate 1 [Source:NCBI gene;Acc:796447]	374	1096	884	750	664	666	1035	779	416	1605	668	1063	412.6858791061701	859.5887149431202	854.9989048714522	999.8162450720336	591.1807806847386	624.3496167028343	1087.1086681084755	910.0673060074938	602.4784245643491	1302.758847529412	631.434893373753	769.19285928279	0.3092132098284952
ENSDARG00000005481	0.06641038879377582	0.6656893767565081	0.404634677608191	20	16881883	16884737	1	protein_coding	nfkbiaa	nuclear factor of kappa light polypeptide gene enhancer in B-cells inhibitor, alpha a [Source:ZFIN;Acc:ZDB-GENE-040426-2227]	1000	903	434	458	491	497	383	507	285	764	437	535	1103.4381794282624	708.2195343007642	419.7619057853057	610.5544536573218	437.1532580063353	465.9185578097727	402.2827245270977	592.3031118688053	412.75565144432574	620.1294451791094	413.0794137789372	387.1290495919969	0.30826072823364875
ENSDARG00000058656	7.499598718548164e-14	7.698678975440533e-11	1.1252751269286523	9	7515864	7539326	-1	protein_coding	desma	desmin a [Source:ZFIN;Acc:ZDB-GENE-980526-221]	5647	11636	6147	8126	6930	6884	3579	3281	2363	4289	3505	3745	6231.1153992313975	9126.071429815827	5945.33740751676	10832.675743273792	6170.004232146443	6453.487629703171	3759.190263922931	3833.0305917979294	3422.251243378743	3481.3287832109954	3313.1426665793474	2709.903347143978	0.30589448829859534
ENSDARG00000104436	0.41661623493383887	0.937169817389875	-0.34848230079442527	3	49559261	49566364	-1	protein_coding	zgc:153426	zgc:153426 [Source:ZFIN;Acc:ZDB-GENE-060929-220]	310	2535	1862	2208	3571	2039	2940	1503	1129	2917	3589	4490	342.0658356227613	1988.1910514423446	1800.9139828853438	2943.4590254920668	3179.3773611825327	1911.4847874730917	3088.0188253516117	1755.8808227590027	1635.0916858969956	2367.6931827061026	3392.5446591592804	3248.9895937720858	0.30585147247736666
ENSDARG00000095930	0.1312335166569755	0.8027567010241426	0.4445497831935075	5	32246872	32257316	1	protein_coding	myha	myosin, heavy chain a [Source:ZFIN;Acc:ZDB-GENE-060531-50]	131	219	119	186	188	233	52	136	145	239	73	135	144.55040150510237	171.76088373407237	115.09600642500318	247.9544287778643	167.38251019387178	218.42861965729787	54.61802004023259	158.88209706934424	209.9984893313236	193.99337355733923	69.0041125992275	97.68676952321417	0.30543034810959285
ENSDARG00000061047	0.8411899533653607	0.9878741801997635	-0.06203092092956277	5	30624183	30672482	1	protein_coding	abcg4a	ATP-binding cassette, sub-family G (WHITE), member 4a [Source:ZFIN;Acc:ZDB-GENE-050517-39]	179	176	173	70	91	128	182	131	66	51	223	194	197.51543411765897	138.03614400546456	167.32444631534077	93.31618287338979	81.02025759384219	119.99512152847265	191.16307014081406	153.04084350061834	95.58551928184384	41.39607552897197	210.79338506339357	140.37950583335962	0.30388525818766843
ENSDARG00000055656	0.45717119126151323	0.9477742197198394	0.2386376538920142	5	30680804	30697908	1	protein_coding	pdzd3b	PDZ domain containing 3b [Source:ZFIN;Acc:ZDB-GENE-081022-151]	184	611	229	250	607	577	231	245	311	561	196	479	203.03262501480026	479.20502265533435	221.4872728682834	333.27208169067785	540.4318281259583	540.9155087650681	242.63005056334092	286.22142486756866	450.4105529795975	455.3568308186916	185.27131601984368	346.6071303823673	0.30231061278731514
ENSDARG00000098803	0.07984856271154232	0.7019205706522943	0.7917229941543499	23	42362337	42372651	1	protein_coding	cyp2aa4	cytochrome P450, family 2, subfamily AA, polypeptide 4 [Source:ZFIN;Acc:ZDB-GENE-040625-72]	122	209	217	252	77	96	89	157	60	109	101	44	134.61945789024801	163.91792100648917	209.88095289265286	335.93825834420323	68.55560257940493	89.9963411463545	93.48084199193654	183.41536205799298	86.89592661985805	88.47396534623421	95.47144345920516	31.838650807566097	0.3021037702534393
ENSDARG00000041294	9.613032123113443e-7	2.856588387742026e-4	1.087269133064842	3	62161184	62169060	1	protein_coding	noxo1a	NADPH oxidase organizer 1a [Source:ZFIN;Acc:ZDB-GENE-030131-9700]	230	393	202	190	321	288	147	112	146	94	81	131	253.79078126850033	308.2284351940203	195.37305292311464	253.28678208491516	285.79673283102574	269.9890234390635	154.40094126758058	130.84407993945996	211.4467547749879	76.29864901418362	76.56620713064969	94.79234672252633	0.3014544819794132
ENSDARG00000077058	0.699092234676719	0.9764687933229645	0.24026519792498274	22	7742211	7754391	1	protein_coding	cela1.5	chymotrypsin like elastase family member 1, tandem duplicate 5 [Source:ZFIN;Acc:ZDB-GENE-040801-186]	85	107	104	65	202	193	121	147	1	118	105	164	93.79224525140229	83.91970118514038	100.58810645546497	86.65074123957623	179.84716520830904	180.93014417965017	127.09193124746429	171.7328549205412	1.4482654436643008	95.77915514546456	99.25249072491626	118.67133482820091	0.3012020725223512
ENSDARG00000042010	0.7041841970022618	0.9767093268210613	0.12043139090610715	16	54450407	54455573	-1	protein_coding	pklr	pyruvate kinase L/R [Source:ZFIN;Acc:ZDB-GENE-010907-1]	5336	6953	5656	2803	3400	3036	3455	6774	2049	3413	3224	5498	5887.946125429207	5453.211984488608	5470.4454818472095	3736.64657991588	3027.130503506192	2846.1342887534606	3628.9472930577613	7913.7303349098365	2967.495894068152	2770.2903094192416	3047.524096163143	3978.3841395454183	0.29891229996747254
ENSDARG00000039832	0.18860336867031732	0.8559595558323263	-0.3959055031231388	13	829585	832331	1	protein_coding	gsta.2	glutathione S-transferase, alpha tandem duplicate 2 [Source:ZFIN;Acc:ZDB-GENE-070822-30]	117	161	67	65	163	122	101	126	44	347	93	259	129.1022669931067	126.27169991408974	64.80195319727069	86.65074123957623	145.12419766809094	114.3703502068255	106.08500046275944	147.19958993189246	63.723679521229236	281.6556511481034	87.90934892778297	187.4138763445368	0.29882871803446065
ENSDARG00000101026	0.8706511344873883	0.9891714246371273	-0.11278050614465644	KN150709.1	28312	30914	-1	protein_coding	CABZ01038709.1	NA	247	37	162	85	32	26	135	121	24	244	136	41	272.5492303187808	29.01896209205789	156.68531967101273	113.31250777483046	28.49064003299945	24.374009060471007	141.79678279675767	141.35833636316656	34.75837064794322	198.0518123346894	128.55560703417726	29.667833707050228	0.29800092524251054
ENSDARG00000037533	0.5947239028943659	0.9692516360940507	-0.3927543971369065	20	6493648	6516539	1	protein_coding	mep1b	meprin A, beta [Source:ZFIN;Acc:ZDB-GENE-041014-209]	11	98	14	15	15	22	90	40	19	7	5	38	12.137819973710885	76.8610347303155	13.540706638235667	19.99632490144067	13.354987515468492	20.624161512706237	94.53118853117178	46.73002854980712	27.517043429621715	5.68181428829027	4.72630908213887	27.497016606534356	0.2974240711112827
ENSDARG00000005561	0.41569637601099174	0.93716952104379	0.25815137370787467	5	34578479	34600710	1	protein_coding	gfm2	G elongation factor, mitochondrial 2 [Source:NCBI gene;Acc:558184]	282	377	330	363	426	417	149	256	321	595	144	392	311.16956659876996	295.6796948298871	319.17379932984073	483.9110626148642	379.2816454393052	390.9216068544773	156.50163434605105	299.0721827187656	464.89320741624056	482.95421450467296	136.11770156559945	283.65343446740707	0.2945300847941362
ENSDARG00000041645	0.031971946200535194	0.5205517414965155	0.6378004208265823	15	21137046	21155657	-1	protein_coding	sb:cb37	sb:cb37 [Source:ZFIN;Acc:ZDB-GENE-030131-9800]	1045	1005	595	459	673	344	459	563	224	393	395	617	1153.092897502534	788.217754122113	575.4800321250159	611.8875419840845	599.1937731940197	322.48688910777025	482.1090615089761	657.7251518385353	324.41145938080336	318.99328789972515	373.3784174889707	446.4647170060973	0.2937040894873817
ENSDARG00000055133	0.8223484773836359	0.9860727873292866	-0.06391717166107366	17	32720413	32743249	-1	protein_coding	cenpf	centromere protein F [Source:ZFIN;Acc:ZDB-GENE-041111-205]	172	198	344	88	156	164	264	127	79	137	189	422	189.79136686166112	155.2906620061476	332.7145059680764	117.3117727551186	138.89187016087232	153.74374945835558	277.2914863581039	148.3678406456376	114.41297004947977	111.20122249939529	178.65448330484926	305.36160547256577	0.2935774428382267
ENSDARG00000043663	0.11533384781020269	0.7766776232171878	0.7073456514656846	10	26990095	26992003	1	protein_coding	faub	FAU ubiquitin like and ribosomal protein S30 fusion b [Source:ZFIN;Acc:ZDB-GENE-050417-416]	188	410	281	245	353	212	75	52	44	369	345	240	207.44637773251333	321.5614718309117	271.7813260960159	326.60664005686425	314.2873728640252	198.74192003153283	78.77599044264315	60.749037114749264	63.723679521229236	299.51278176844426	326.115326667582	173.66536804126963	0.29135439638738136
ENSDARG00000098223	0.6966860921439876	0.9759135660342734	0.5159528683511865	16	35821321	35824708	-1	processed_transcript	AL773558.1	NA	62	2	4	1	97	153	5	1	0	87	71	95	68.41316712455226	1.5685925455166427	3.868773325210191	1.3330883267627114	86.36225260002959	143.43166870200247	5.2517326961762105	1.168250713745178	0	70.61683472589336	67.11358896637195	68.74254151633589	0.2911093084024436
ENSDARG00000088885	0.542280902850736	0.9628138917433751	0.43361921379575996	15	46329149	46336399	1	protein_coding	si:ch1073-340i21.3	si:ch1073-340i21.3 [Source:ZFIN;Acc:ZDB-GENE-030131-199]	333	398	29	774	698	582	33	247	434	465	319	720	367.4449137496114	312.1499165578119	28.048606607773884	1031.8103649143386	621.4520857198005	545.6028181997741	34.66143579476299	288.557926295059	628.5472025503066	377.43480629356793	301.5385194404599	520.9961041238089	0.28969608794638757
ENSDARG00000097973	0.9129249220193023	0.9931937438044443	0.13323656008833001	15	46313082	46315233	1	protein_coding	si:ch1073-190k2.1	si:ch1073-190k2.1 [Source:ZFIN;Acc:ZDB-GENE-131127-449]	179	252	0	411	448	374	0	208	288	311	194	618	197.51543411765897	197.64266073509697	0	547.8993022994744	398.86896046199234	350.610745716006	0	242.99614845899706	417.1004477753186	252.43489195118198	183.38079238698813	447.1883227062693	0.28747855757933927
ENSDARG00000045835	0.8343724695578032	0.9870340921111218	0.21291427904695112	4	5531583	5533803	1	protein_coding	si:dkey-14d8.6	si:dkey-14d8.6 [Source:ZFIN;Acc:ZDB-GENE-041210-124]	653	897	649	651	0	1038	806	631	711	77	581	185	720.5451311666553	703.5137566642143	627.7084720153534	867.8405007225251	0	973.085438644958	846.579310623605	737.1662003732074	1029.7167304453178	62.49995717119297	549.1971153445367	133.867054531812	0.28377374251634374
ENSDARG00000069018	0.2877007589312966	0.902894582266496	0.40352894013456997	2	22150134	22152797	-1	protein_coding	cyp7a1	cytochrome P450, family 7, subfamily A, polypeptide 1 [Source:ZFIN;Acc:ZDB-GENE-040426-1296]	792	1468	309	607	1639	1196	856	285	579	1307	783	620	873.9230381071837	1151.3469284092157	298.8627393724872	809.1846143449658	1459.2549691901906	1121.2044167816664	899.0966375853671	332.9514534173758	838.5456918816301	1060.8758963993405	740.140002262947	448.6355341066132	0.28246678293044447
ENSDARG00000079166	0.21105262874032105	0.8705544310269426	0.36707222723369004	12	5530247	5582060	1	protein_coding	ace	angiotensin I converting enzyme (peptidyl-dipeptidase A) 1 [Source:ZFIN;Acc:ZDB-GENE-030131-1826]	928	3046	833	848	2405	1947	1653	829	1001	1224	994	1573	1023.9906305094274	2388.9664468218466	805.6720449750222	1130.4589010947793	2141.249664980115	1825.238293874502	1736.222829355855	968.4798416947527	1449.713709107965	993.5058126953272	939.5902455292072	1138.231766370488	0.2823014835293432
ENSDARG00000033539	0.6002650088131167	0.9692516360940507	0.13654322484244438	20	25618114	25631256	-1	protein_coding	paics	phosphoribosylaminoimidazole carboxylase, phosphoribosylaminoimidazole succinocarboxamide synthetase [Source:ZFIN;Acc:ZDB-GENE-030131-9762]	1775	2940	2987	3911	2913	3665	2906	2918	1574	4279	2889	2471	1958.6027684851656	2305.8310419094646	2889.00648060071	5213.708445968964	2593.5385755039815	3435.797815639471	3052.3070430176135	3408.95558270843	2279.5698083276093	3473.211905656295	2730.861387659839	1788.0296851249052	0.28112577696503066
ENSDARG00000012366	0.01202650005395846	0.33101464851089435	-0.586959696231674	5	44814064	44829719	-1	protein_coding	fbp2	fructose-1,6-bisphosphatase 2 [Source:ZFIN;Acc:ZDB-GENE-040822-23]	335	596	269	491	686	596	489	687	722	1215	529	748	369.6517901084679	467.4405785639595	260.1750061203853	654.5463684404913	610.7680957074257	558.7272846169508	513.6194576860333	802.5882403429374	1045.6476503256251	986.2006228960969	500.04350089029236	541.2570637286236	0.2807679390309547
ENSDARG00000012829	0.17762046071444548	0.8470522325220882	0.39418384998166467	12	6117682	6142673	1	protein_coding	asah2	N-acylsphingosine amidohydrolase 2 [Source:NCBI gene;Acc:493602]	497	1721	503	618	1414	1085	820	538	627	680	455	1100	548.4087751758464	1349.773885417071	486.4982456451815	823.8485859393556	1258.9301564581633	1017.146147331194	861.2841621728985	628.5188839949059	908.0624331775166	551.9476737196262	430.0941264746371	795.9662701891524	0.2803982743190156
ENSDARG00000038583	2.595807243527811e-13	2.4426546161596703e-10	0.8669905709573033	6	52064304	52072829	1	protein_coding	abraa	actin binding Rho activating protein a [Source:ZFIN;Acc:ZDB-GENE-120730-1]	849	1524	1142	854	1194	1058	562	638	395	697	680	574	936.8190143345947	1195.2675196836817	1104.5347843475095	1138.4574310553555	1063.057006231292	991.8346763837818	590.294755050206	745.3439553694236	572.0648502473988	565.7463655626169	642.7780351708863	415.3496718987032	0.27787720721066783
ENSDARG00000055120	0.7745731369984329	0.9828062705071566	0.14730437958633347	17	32622931	32631514	1	protein_coding	ctsba	cathepsin Ba [Source:ZFIN;Acc:ZDB-GENE-040426-2650]	1300	490	1381	366	461	471	1342	307	247	496	435	1544	1434.469633256741	384.30517365157743	1335.6939905288184	487.91032759515235	410.44328297539835	441.5445487493017	1409.5650556536948	358.6529691197697	357.72156458508226	402.5971267131391	411.18889014608163	1117.2472010655013	0.2778751579647244
ENSDARG00000031588	0.06155768297787522	0.6561562182700303	0.6023933720528084	12	38929663	38974869	1	protein_coding	si:dkey-239b22.1	si:dkey-239b22.1 [Source:ZFIN;Acc:ZDB-GENE-131119-12]	4681	6342	3265	3014	6376	4947	3940	1384	3392	1552	2880	4907	5165.194117903696	4974.006961833274	3157.886226702818	4017.928216862812	5676.760026575141	4637.62395469808	4138.3653645868535	1616.8589878233265	4912.516384909308	1259.7393964894998	2722.354031311989	3550.733170743792	0.27647039510694577
ENSDARG00000099889	1.976899186387523e-4	0.02289553396173119	0.7994819236753581	KZ116034.1	1250	8270	1	protein_coding	dusp27	dual specificity phosphatase 27 [Source:NCBI gene;Acc:792623]	629	964	764	731	526	454	500	463	173	393	366	481	694.062614860377	756.0616069390218	738.9357051151464	974.487566863542	468.3148955424285	425.6076966713015	525.173269617621	540.9000804640175	250.54992175392402	318.99328789972515	345.96582481256524	348.0543417827112	0.2758863171180784
ENSDARG00000052779	0.15235133989139107	0.8288139673201276	0.5522623641295702	12	46120836	46145909	-1	protein_coding	zgc:153932	zgc:153932 [Source:ZFIN;Acc:ZDB-GENE-070209-223]	1624	1845	966	979	1741	1852	1378	599	1160	286	1006	1339	1791.983603391498	1447.026623239103	934.3087580382611	1305.0934719006943	1550.0688842953764	1736.1794146150887	1447.3775310661636	699.7821775333617	1679.987914650589	232.14269806443102	950.9333873263405	968.9080325302501	0.2752246491000089
ENSDARG00000097275	0.9967749416452922	0.9997290614282653	0.011686594596000422	25	10843985	10857650	1	protein_coding	si:ch211-147g22.4	si:ch211-147g22.4 [Source:ZFIN;Acc:ZDB-GENE-131121-226]	1	0	0	0	39	94	0	0	56	0	0	58	1.1034381794282624	0	0	0	34.72296754021808	88.12141737247211	0	0	81.10286484520084	0	0	41.96913060997349	0.274630097807483
ENSDARG00000117609	0.2797973378025618	0.8994017742079662	-0.27877632297793503	KN150127.1	27702	32057	-1	lincRNA	CABZ01079281.1	NA	223	273	237	216	141	185	430	262	169	250	236	166	246.0667140125025	214.11288246302172	229.2248195187038	287.94707858074565	125.53688264540384	173.43044908412062	451.6490118711541	306.0816870012367	244.75685997926684	202.92193886750965	223.08178867695463	120.11854622854482	0.27338136229506743
ENSDARG00000063007	0.3780280977655571	0.9290876656804159	0.19600483636358673	11	7281240	7320211	-1	protein_coding	apc2	APC regulator of WNT signaling pathway 2 [Source:ZFIN;Acc:ZDB-GENE-090422-1]	1015	1112	1199	619	1021	1071	881	928	595	366	1124	1262	1119.9897521196863	872.1374553072533	1159.6648042317547	825.1816742661183	909.0294835528888	1004.0216809140173	925.3553010662482	1084.1366623555252	861.717938980259	297.0777185020341	1062.474281664818	913.1903936170095	0.27259521340763554
ENSDARG00000101484	0.24595175800796576	0.8879942568166294	0.4078225265030602	4	68922112	68965221	1	protein_coding	si:dkey-264f17.2	si:dkey-264f17.2 [Source:ZFIN;Acc:ZDB-GENE-110913-14]	68	153	145	101	89	28	93	99	61	52	41	73	75.03379620112183	119.99732973202316	140.2430330388694	134.64192100303384	79.23959259177973	26.248932834353393	97.68222814887751	115.65682066077264	88.34419206352234	42.207763284442	38.75573447353873	52.82321611255284	0.2711780380337152
ENSDARG00000058365	1.9907922745240745e-20	4.0872775207137906e-17	1.1665736856922289	5	15819651	15840485	1	protein_coding	hspb8	heat shock protein b8 [Source:ZFIN;Acc:ZDB-GENE-030131-2480]	734	1729	826	676	1272	975	406	394	322	544	459	567	809.9236237003446	1356.0482555991375	798.9016916559044	901.1677088915928	1132.5029413117281	914.0253397676628	426.44069492950825	460.2907812156002	466.34147285990485	441.55813897570096	433.8751737403482	410.2844319974995	0.2700432955871869
ENSDARG00000103950	5.501892944092712e-4	0.05017932608631281	-1.976254619175326	10	21793670	21820057	1	protein_coding	pcdh1gc6	protocadherin 1 gamma c 6 [Source:ZFIN;Acc:ZDB-GENE-041118-17]	7	18	26	9	17	63	120	115	81	68	18	106	7.724067255997836	14.117332909649784	25.14702661386624	11.997794940864402	15.135652517530959	59.06009887729514	126.04158470822904	134.3488320806955	117.30950093680836	55.19476737196262	17.01471269569993	76.70220421822742	0.2676561940416261
ENSDARG00000062087	0.17134366236946758	0.8439749773068823	-0.5140985287044555	24	26895748	26902697	1	protein_coding	nceh1b.1	neutral cholesterol ester hydrolase 1b, tandem duplicate 1 [Source:ZFIN;Acc:ZDB-GENE-061110-43]	134	240	84	106	86	105	147	183	44	368	229	137	147.86071604338716	188.23110546199712	81.24423982941401	141.30736263684742	76.56859508868602	98.43349812882522	154.40094126758058	213.7898806153676	63.723679521229236	298.7010940129742	216.46495596196021	99.13398092355807	0.2638008593251805
ENSDARG00000053068	0.32930305616295086	0.9146760200251542	0.23546839948176046	2	3435888	3437862	-1	protein_coding	cyp8b1	cytochrome P450, family 8, subfamily B, polypeptide 1 [Source:ZFIN;Acc:ZDB-GENE-040808-53]	322	983	409	312	1028	968	618	359	306	852	606	580	355.30709377590046	770.9632361214299	395.582072502742	415.9235579499659	915.2618110601073	907.4631065590745	649.1141612473796	419.402006234519	443.16922576127604	691.5579676604729	572.828660755231	419.6913060997349	0.2601701804420743
ENSDARG00000019763	0.5140586442624913	0.9594023909454243	0.39742742649386914	6	8355122	8362516	-1	protein_coding	acp5a	acid phosphatase 5a, tartrate resistant [Source:ZFIN;Acc:ZDB-GENE-040426-2864]	309	51	22	151	116	131	54	141	93	151	120	52	340.96239744333303	39.999109910674385	21.27825328865605	201.29633734116942	103.27857011962301	122.80750718929623	56.71871311870307	164.72335063807012	134.68868626077997	122.56485107597582	113.43141797133286	37.62749640894175	0.2596107203106747
ENSDARG00000099390	0.32349780242031445	0.9144452149722397	0.3870033749513677	20	1903481	1979652	1	protein_coding	lama2	laminin, alpha 2 [Source:ZFIN;Acc:ZDB-GENE-060119-1]	304	350	313	183	328	436	237	276	190	46	318	328	335.44520654619174	274.5036954654125	302.73151269769744	243.95516379757618	292.0290603382444	408.73338270636	248.93212979875236	322.43719699366915	275.17043429621714	37.33763675162177	300.5932576240321	237.34266965640182	0.25956169017946745
ENSDARG00000009001	0.37033653536067695	0.9268603821567755	0.1888549350456253	20	31217495	31231122	1	protein_coding	pdia6	protein disulfide isomerase family A, member 6 [Source:ZFIN;Acc:ZDB-GENE-030131-879]	720	1419	1113	667	1268	1420	579	412	764	1661	1190	1226	794.4754891883489	1112.916411044058	1076.4861777397357	889.1699139507284	1128.9416113076034	1331.1958794564935	608.1506462172051	481.3192940630134	1106.4747989595257	1348.213361835734	1124.861561549051	887.140588410819	0.25883750513628634
ENSDARG00000102406	0.977138712252289	0.9985685738171153	0.00998777875857527	13	1430094	1534879	1	protein_coding	si:ch211-165e15.1	si:ch211-165e15.1 [Source:ZFIN;Acc:ZDB-GENE-081028-59]	176	252	291	76	206	333	206	230	159	83	303	269	194.20511957937416	197.64266073509697	281.4532594090414	101.31471283396606	183.40849521243396	312.17480835141714	216.37138708245985	268.697664161391	230.27420554262383	67.3700837040132	286.4143303776155	194.64993334625638	0.258761219456748
ENSDARG00000043646	0.39443167117984956	0.9332054825749803	0.2838594614434322	8	9052123	9118958	-1	protein_coding	slc6a8	solute carrier family 6 member 8 [Source:ZFIN;Acc:ZDB-GENE-071024-2]	395	375	504	191	407	438	367	308	214	104	462	372	435.8580808741636	294.1111022843705	487.46543897648405	254.61987041167785	362.3653279197118	410.6083064802424	385.4771798993338	359.8212198335149	309.9288049441604	84.415526568884	436.7109591896315	269.1813204639679	0.2575997576143658
ENSDARG00000071644	0.9184322960005251	0.9935169798829471	-0.11462028513620523	22	6487048	6499077	-1	protein_coding	si:dkey-19a16.7	si:dkey-19a16.7 [Source:ZFIN;Acc:ZDB-GENE-060503-903]	132	215	0	138	152	138	120	0	204	212	132	149	145.65383968453062	168.6236986430391	0	183.96618909325417	135.3305401567474	129.36974039788458	126.04158470822904	0	295.44615050751736	172.07780415964817	124.77455976846615	107.81724932562156	0.2571539632826072
ENSDARG00000056210	2.942292193276008e-20	5.5373939077454473e-17	2.217643816467759	8	24968098	24970790	-1	protein_coding	hspa1b	heat shock protein family A (Hsp70) member 1B [Source:ZFIN;Acc:ZDB-GENE-060503-867]	69	189	78	121	180	146	31	17	21	39	23	37	76.1372343805501	148.23199555132274	75.44107984159872	161.30368753828807	160.2598501856219	136.86943549341413	32.5607427162925	19.86026213366803	30.413574316950317	31.655822463331504	21.7410217778388	26.7734109063624	0.25714109696753623
ENSDARG00000093405	0.7958269789445422	0.985221619160035	-0.18947846210655936	3	32961488	32965848	-1	protein_coding	casp6a	caspase 6, apoptosis-related cysteine peptidase a [Source:ZFIN;Acc:ZDB-GENE-030825-4]	0	114	141	105	100	170	149	104	47	77	173	177	0	89.40977509444863	136.37425971365923	139.9742743100847	89.03325010312328	159.36852078000274	156.50163434605105	121.49807422949853	68.06847585222214	62.49995717119297	163.53029424200489	128.07820893043635	0.2564205233208391
ENSDARG00000026764	0.45722541753612916	0.9477742197198394	0.29893540279610975	22	37874691	37881714	1	protein_coding	ahsg1	alpha-2-HS-glycoprotein 1 [Source:ZFIN;Acc:ZDB-GENE-041114-50]	253	926	329	304	832	572	397	552	359	159	236	707	279.1698593953504	726.2583485742056	318.2066059985382	405.2588513358642	740.7566408579858	536.2281993303621	416.98757607639106	644.8743939873383	519.927294275484	129.05835311973613	223.08178867695463	511.5892300215734	0.25544201916824705
ENSDARG00000068194	0.4796890317823675	0.9504777281470469	0.2433990077091026	5	26075230	26078165	1	protein_coding	klf9	Kruppel-like factor 9 [Source:ZFIN;Acc:ZDB-GENE-060526-244]	2031	1228	1190	1870	1057	898	1394	896	1106	925	1589	1278	2241.082942418801	963.1158229472186	1150.9600642500318	2492.87517104627	941.0814535900131	841.840774473191	1464.1830756939273	1046.7526395156797	1601.7815806927167	750.8111738097857	1502.0210263037327	924.7680848197607	0.2539817854436435
ENSDARG00000038969	0.012482597479306195	0.33726649961493727	-1.1114853284946118	17	51627209	51638206	1	protein_coding	zgc:113142	zgc:113142 [Source:ZFIN;Acc:ZDB-GENE-050220-2]	8	21	81	38	26	8	75	40	31	88	82	107	8.8275054354260991	16.47022172792475	78.34265983550637	50.65735641698303	23.148645026812055	7.499695095529541	78.77599044264315	46.73002854980712	44.89622875359333	71.42852248136339	77.51146894707746	77.42580991839937	0.25397625269207913
ENSDARG00000076573	0.2939369433385288	0.9052802947796345	1.7146867781853405	3	2013324	2033105	-1	protein_coding	si:dkey-88j15.3	si:dkey-88j15.3 [Source:ZFIN;Acc:ZDB-GENE-100922-28]	48	79	0	2	1	58	1	0	1	58	3	0	52.96503261255659	61.95940554790739	0	2.6661766535254228	0.8903325010312328	54.37278944258917	1.050346539235242	0	1.4482654436643008	47.07788981726224	2.8357854492833217	0	0.2525803801033881
ENSDARG00000039099	0.30152784574332087	0.9090888861513252	0.438641806682521	7	8373025	8374950	-1	protein_coding	aep1	aerolysin-like protein [Source:NCBI gene;Acc:503710]	697	1013	2491	1630	1065	1274	573	621	389	2295	1717	1018	769.0964110614989	794.4921243041795	2409.278588274646	2172.9339726232197	948.204113598263	1194.3264439630793	601.8485669817936	725.4836932357556	563.375257585413	1862.8233988037384	1623.0145388064877	736.630602775052	0.2515852190016386
ENSDARG00000104919	0.09925550305841625	0.7435417298275525	0.8427106816522217	14	11430796	11438060	1	protein_coding	si:ch211-153b23.3	si:ch211-153b23.3 [Source:ZFIN;Acc:ZDB-GENE-141216-408]	586	906	542	747	567	517	617	42	495	261	268	384	646.6147731449618	710.5724231190392	524.2187855659809	995.8169800917453	504.81852808470904	484.6677955485966	648.0638147081444	49.066529977297485	716.8913946138289	211.85050417768005	253.33016680264342	277.8645888660314	0.25145894834071414
ENSDARG00000024877	0.34074013035733447	0.9186194465787324	0.21300070723330278	7	24375070	24390879	-1	protein_coding	ptgr1	prostaglandin reductase 1 [Source:ZFIN;Acc:ZDB-GENE-041212-80]	1117	1122	1393	1146	962	1564	1214	1116	597	597	1542	1272	1232.540446421369	879.9804180348366	1347.300310504449	1527.7192224700673	856.499865992046	1466.1903911760253	1275.1206986315838	1303.7677965396188	864.6144698675876	484.577590015613	1457.5937209316273	920.426450618729	0.2506076553632685
ENSDARG00000099511	0.4866765312748324	0.9516254842924924	0.36405332174757815	22	7971101	8074212	-1	protein_coding	CABZ01034698.2	NA	79	119	175	72	98	90	89	136	3	85	82	105	87.17161617483272	93.33125645824023	169.25883297794584	95.98235952691522	87.25258510106082	84.37156982470734	93.48084199193654	158.88209706934424	4.344796330992902	68.99345921495328	77.51146894707746	75.97859851805546	0.2501542727129256
ENSDARG00000012881	0.954696792342408	0.9967655738016533	-0.01699942708837111	3	20065861	20092124	-1	protein_coding	slc4a1a	solute carrier family 4 member 1a (Diego blood group) [Source:ZFIN;Acc:ZDB-GENE-010525-1]	960	2150	1539	924	987	961	1518	1283	378	1621	1751	994	1059.3006522511319	1686.236986430391	1488.5105368746208	1231.7736139287454	878.7581785178269	900.9008733504861	1594.4260465590974	1498.8656657350637	547.4443377051057	1315.7458516169324	1655.153440565032	719.264065970925	0.2486265473193774
ENSDARG00000094104	0.05683317088780345	0.6417601656650765	1.6208776876934623	20	45989179	45996430	1	lincRNA	AL929237.1	si:ch211-213i16.3 [Source:NCBI gene;Acc:100536429]	8	342	63	196	235	112	81	5	8	11	77	155	8.8275054354260991	268.2293252833459	60.93317987206051	261.2853120454914	209.22813774233973	104.99573133741357	85.0780696780546	5.84125356872589	11.586123549314406	8.928565310170423	72.78515986493859	112.1588835266533	0.24795941024928922
ENSDARG00000104899	5.0488780186992934e-39	5.701193058715242e-35	6.4627263137577	8	7828414	7848287	1	processed_transcript	CR931813.2	NA	152	308	349	173	144	90	2	1	0	5	5	1	167.72260327309587	241.56325200956297	337.55047262458913	230.62428052994906	128.20788014849754	84.37156982470734	2.100693078470484	1.168250713745178	0	4.058438777350193	4.72630908213887	0.7236057001719568	0.24693610310699865
ENSDARG00000019532	0.37853882059629396	0.9292741360664821	0.44191646807735036	25	4133488	4148719	-1	protein_coding	fads2	fatty acid desaturase 2 [Source:NCBI gene;Acc:140615]	148	1070	266	151	1288	544	292	300	236	433	245	986	163.30885055538283	839.1970118514038	257.2734261264777	201.29633734116942	1146.748261328228	509.9792664960088	306.70118945669066	350.4752141235534	341.790644704775	351.46079811852667	231.5891450248046	713.4752203695493	0.24312144115121276
ENSDARG00000068431	0.1241407322917888	0.7894961158434799	-0.761432110183544	2	43920461	43955410	1	protein_coding	si:ch211-195h23.3	si:ch211-195h23.3 [Source:ZFIN;Acc:ZDB-GENE-070912-174]	174	90	76	55	262	64	368	74	172	261	198	98	191.99824322051765	70.58666454824892	73.50669317899363	73.31985797194912	233.267115270183	59.997560764236326	386.52752643856905	86.45055281714319	249.10165631025973	211.85050417768005	187.16183965269923	70.91335861685177	0.24223558942368031
ENSDARG00000103306	0.8494267559602301	0.9891714246371273	0.21186563832469404	4	71689470	71692940	-1	processed_transcript	BX927130.4	NA	50	7	2	4	77	125	1	3	3	105	65	87	55.17190897141312	5.490073909308249	1.9343866626050954	5.3323533070508455	68.55560257940493	117.18273586764909	1.050346539235242	3.5047521412355347	4.344796330992902	85.22721432435405	61.4420180678053	62.953695914960235	0.24206172076881835
ENSDARG00000022101	0.20579800833508002	0.8705544310269426	0.26583590267496554	24	35933869	36002202	1	protein_coding	obscnb	obscurin, cytoskeletal calmodulin and titin-interacting RhoGEF b [Source:ZFIN;Acc:ZDB-GENE-070119-5]	949	1159	1259	547	1010	1227	818	817	658	436	1187	985	1047.1628322774209	908.9993801268944	1217.6964041099075	729.1993147392031	899.2358260415452	1150.2657352768433	859.183469094428	954.4608331298106	952.9586619311099	353.89586138493684	1122.0257760997677	712.7516146693774	0.2415970942010405
ENSDARG00000005578	0.5901527264487421	0.9692516360940507	0.1703280549130844	1	50997156	51015627	1	protein_coding	ugp2a	UDP-glucose pyrophosphorylase 2a [Source:ZFIN;Acc:ZDB-GENE-090311-46]	855	919	1102	460	893	906	785	851	566	249	942	972	943.4396434111643	720.7682746648973	1065.8470510954076	613.2206303108472	795.0669234208909	849.3404695687206	824.5220332996649	994.1813573971466	819.7182411139943	202.1102511120396	890.436631074963	703.344740567142	0.2413054436979081
ENSDARG00000005485	0.5714013210847547	0.9664472066893561	0.16485062796534614	25	7982979	7988936	1	protein_coding	ucmab	upper zone of growth plate and cartilage matrix associated b [Source:NCBI gene;Acc:405870]	661	1812	1097	1229	1487	1018	672	709	718	2518	855	1286	729.3726366020813	1421.1448462380783	1061.0110844388948	1638.3655535913722	1323.9244290334432	954.3362009061341	705.8328743660826	828.2897560453313	1039.854588550968	2043.8297682735572	808.1988530457467	930.5569304211364	0.2413004811362187
ENSDARG00000098631	0.6245105056770632	0.9695377108480284	-0.11153300911739261	13	1535511	1543927	1	protein_coding	CABZ01044277.1	NA	437	529	656	204	611	688	552	537	399	296	705	754	482.20248441015065	414.892728289152	634.4788253344713	271.9500186595931	543.9931581300833	644.9737782155405	579.7912896578536	627.3506332811606	577.857912022056	240.25957561913143	666.4095805815806	545.5986979296554	0.23936267027661343
ENSDARG00000069878	0.45607630788010617	0.947546593165598	-0.4616030969842946	3	58158595	58165254	-1	protein_coding	snu13a	SNU13 homolog, small nuclear ribonucleoprotein a (U4/U6.U5) [Source:ZFIN;Acc:ZDB-GENE-040426-879]	254	50	170	26	36	202	41	156	102	375	177	240	280.2732975747786	39.214813637916066	164.4228663214331	34.660296495830494	32.051970037124384	189.36730116212092	43.06420810864492	182.2471113442478	147.72307525375868	304.3829083012645	167.31134150771598	173.66536804126963	0.23703431150111157
ENSDARG00000110040	0.241290585415872	0.8858524057477505	0.3680427178281571	20	1996202	2035120	1	protein_coding	CABZ01092781.1	NA	765	1056	904	524	906	1042	676	728	515	202	848	866	844.1302072626207	828.2168640327874	874.3427714975031	698.5382832236608	806.641245934297	976.8352861927227	710.0342605230236	850.4865196064897	745.8567034871149	163.9609266049478	801.5820203307522	626.6425363489145	0.2344628557387777
ENSDARG00000080018	0.6877985581403221	0.9749101008624261	-0.12122934475458676	13	34627550	34683370	-1	protein_coding	kif16bb	kinesin family member 16Bb [Source:ZFIN;Acc:ZDB-GENE-070424-241]	70	144	236	61	182	100	187	191	59	101	108	186	77.24067255997836	112.93866327719827	228.25762618740126	81.3183879325254	162.04051518768438	93.74618869411927	196.41480283699025	223.13588632532904	85.44766117619375	81.9804633024739	102.08827617419958	134.59066023198395	0.2338412463419671
ENSDARG00000102722	0.47483857305382504	0.9500978412197736	0.22003615426806913	11	37178271	37200200	1	protein_coding	itih3b	inter-alpha-trypsin inhibitor heavy chain 3b [Source:ZFIN;Acc:ZDB-GENE-040426-2716]	1172	1144	1277	1261	2299	1297	1070	944	1214	655	905	2507	1293.2295462899235	897.2349360355196	1235.1058840733533	1681.024380047779	2046.8744198708043	1215.8880673627268	1123.870796981709	1102.8286737754481	1758.194248608461	531.6554798328752	855.4619438671353	1814.0794903310957	0.23071345094637508
ENSDARG00000043722	0.23890195567907854	0.8858524057477505	-0.4867190972501573	25	16582172	16589461	-1	protein_coding	cpa4	carboxypeptidase A4 [Source:ZFIN;Acc:ZDB-GENE-040704-61]	804	556	472	333	1186	1924	1558	691	1121	836	911	2097	887.1642962603229	436.06872765362664	456.5152523748025	443.9184128119829	1055.9343462230422	1803.6766704748547	1636.4399081285071	807.2612431979181	1623.5055623476812	678.5709635729522	861.133514765702	1517.4011532605932	0.22894651125674215
ENSDARG00000054253	0.30087706296357675	0.9085857687027973	0.32278037431815115	13	32740509	32796029	1	protein_coding	sobpa	sine oculis binding protein homolog (Drosophila) a [Source:NCBI gene;Acc:573683]	167	151	186	92	162	159	107	150	82	28	175	173	184.2741759645198	118.42873718650652	179.89795962227387	122.64412606216945	144.23386516705972	149.05644002364963	112.3870796981709	175.2376070617767	118.75776638047266	22.72725715316108	165.42081787486043	125.18378612974853	0.22860857089339132
ENSDARG00000045015	0.022957233267644993	0.44566309438151475	0.976926513876293	11	329687	339847	1	protein_coding	cyp27b1	cytochrome P450, family 27, subfamily B, polypeptide 1 [Source:ZFIN;Acc:ZDB-GENE-111005-2]	251	352	161	191	352	363	77	122	87	64	367	102	276.9629830364938	276.0722880109291	155.71812633971018	254.61987041167785	313.39704036299395	340.2986649596529	80.87668352111363	142.52658707691174	125.99909359879416	51.94801635008247	346.911086628993	73.80778141753959	0.22851833029422855
ENSDARG00000030915	0.5963980183696845	0.9692516360940507	-0.26255849323689756	25	18448186	18454016	-1	protein_coding	cpa1	carboxypeptidase A1 (pancreatic) [Source:ZFIN;Acc:ZDB-GENE-050522-438]	153	261	107	97	453	390	345	251	383	99	131	329	168.82604145252412	204.70132718992187	103.4896864493726	129.309567695983	403.3206229671485	365.6101359070651	362.3695560361585	293.23092915003974	554.6856649234272	80.35708779153381	123.82929795203837	238.06627535657378	0.2249103420917527
ENSDARG00000034503	3.250095280303961e-14	3.4952453243040314e-11	-0.7690287082689146	2	48309600	48375342	-1	protein_coding	per2	period circadian clock 2 [Source:ZFIN;Acc:ZDB-GENE-011220-2]	1880	2665	3010	1565	2640	2422	4013	3284	2913	3866	4475	5332	2074.4637773251334	2090.1495669009264	2911.2519272206687	2086.2832313836434	2350.4778027224547	2270.5326901715684	4215.040661951026	3836.535343939165	4218.797237394108	3137.984862647169	4230.046628514288	3858.2655933168735	0.22452624480873928
ENSDARG00000028478	0.8655688637172924	0.9891714246371273	0.06827837434026214	6	39499623	39503381	1	protein_coding	si:ch211-173n18.3	si:ch211-173n18.3 [Source:ZFIN;Acc:ZDB-GENE-120215-62]	54	237	87	71	249	202	87	95	80	253	66	291	59.58566168912616	185.87821664372217	84.145819823321645	94.6492712001525	221.69279275677698	189.36730116212092	91.38014891346606	110.98381780579193	115.86123549314406	205.35700213391976	62.387279884233074	210.5692587500394	0.22227657308027
ENSDARG00000058015	0.2831245554042934	0.9022273118739327	0.3125909643079742	25	35375848	35468555	1	protein_coding	ano3	anoctamin 3 [Source:ZFIN;Acc:ZDB-GENE-111031-3]	172	171	194	84	165	203	124	157	70	41	195	196	189.79136686166112	134.11466264167294	187.63550627269424	111.97941944806776	146.90486267015342	190.3047630490621	130.24297086517	183.41536205799298	101.37858105650105	33.27919797427158	184.3260542034159	141.82671723370353	0.21876354435848666
ENSDARG00000018263	0.1376048263861755	0.8123030263672778	-0.5145031560324856	1	9954489	9966195	1	protein_coding	pdia2	protein disulfide isomerase family A, member 2 [Source:ZFIN;Acc:ZDB-GENE-040426-705]	929	1342	534	744	1819	2034	1740	889	1921	2690	1148	1721	1025.0940686888557	1052.5255980416673	516.4812389155604	991.8177151114572	1619.5148193758125	1906.7974780383859	1827.602978269321	1038.5748845194635	2782.1179172791217	2183.440062214404	1085.1605652590845	1245.3254099959377	0.2161882520382154
ENSDARG00000100635	0.8413408579620298	0.9878741801997635	0.05245912029598564	11	23993298	24000171	1	protein_coding	chia.1	chitinase, acidic.1 [Source:ZFIN;Acc:ZDB-GENE-040426-1994]	1471	3393	1219	1011	2042	1758	2232	1626	1315	1104	1233	2355	1623.157561938974	2661.1172534689845	1179.0086708578056	1347.7522983571012	1818.0589671057776	1648.0579972426167	2344.37347557306	1899.5756605496597	1904.4690584185555	896.1032820389225	1165.5078196554452	1704.0914239049582	0.21611249457053763
ENSDARG00000039266	0.3018700082414371	0.9092334310648994	0.32985840361133745	13	32997020	33022372	-1	protein_coding	rbm25a	RNA binding motif protein 25a [Source:ZFIN;Acc:ZDB-GENE-090312-142]	1064	1346	491	912	786	1141	399	355	776	1308	740	1116	1174.058222911671	1055.6627831327005	474.8919256695509	1215.7765540075927	699.801345810549	1069.6440129999007	419.08826915486156	414.72900337953826	1123.8539842834973	1061.6875841548103	699.4937441565527	807.5439613919037	0.21564350143753827
ENSDARG00000101890	0.919261588999961	0.9935680175149614	0.06700684037082506	2	51613453	51634431	-1	protein_coding	pigr	polymeric immunoglobulin receptor [Source:ZFIN;Acc:ZDB-GENE-060503-327]	136	131	15	81	138	109	24	151	86	11	119	174	150.06759240224366	102.7428117313401	14.507899969538215	107.98015446777961	122.86588514231013	102.18334567659	25.20831694164581	176.4058577755219	124.55082815512986	8.928565310170423	112.48615615490509	125.90739182992047	0.21333085489191353
ENSDARG00000032820	5.841545331206674e-4	0.052351372920623626	1.2205458643814653	10	33744098	33867426	1	protein_coding	rxfp2a	relaxin family peptide receptor 2a [Source:ZFIN;Acc:ZDB-GENE-040426-1225]	271	394	264	213	345	176	57	47	42	199	190	242	299.0317466250591	309.01273146677863	255.33903946387258	283.9478136004575	307.16471285577535	164.9932921016499	59.86975273640879	54.907783546023374	60.827148633900634	161.52586333853768	179.59974512127704	175.11257944161355	0.21329461218488882
ENSDARG00000070057	0.0070275804445497116	0.24759887170001665	-0.5812085717917416	9	11587629	11595736	1	protein_coding	si:dkey-69o16.5	si:dkey-69o16.5 [Source:ZFIN;Acc:ZDB-GENE-081104-432]	178	434	324	278	269	241	592	340	163	672	340	548	196.4119959382307	340.3845823771115	313.37063934202547	370.5985548400337	239.49944277740164	225.92831475282742	621.8051512272633	397.2052426733606	236.06726731728102	545.454171675866	321.3890175854431	396.5359236942323	0.21229551825004703
ENSDARG00000103739	0.41465955927427556	0.9370841320542495	0.19740787711405294	3	57038033	57174041	1	protein_coding	bahcc1a	BAH domain and coiled-coil containing 1a [Source:ZFIN;Acc:ZDB-GENE-170301-1]	333	364	403	201	353	370	251	355	203	116	382	407	367.4449137496114	285.483843284029	389.77891251492673	267.95075367930497	314.2873728640252	346.86089816824125	263.63698134804577	414.72900337953826	293.99788506385306	94.15577963452448	361.0900138754096	294.5075199699864	0.2117761022349673
ENSDARG00000007769	0.1809141219921773	0.8506692756758968	0.6685146557472514	7	56602521	56606752	-1	protein_coding	sult5a1	sulfotransferase family 5A, member 1 [Source:ZFIN;Acc:ZDB-GENE-060929-978]	328	360	137	111	326	105	244	50	190	83	99	107	361.92772285247	282.3466581929957	132.50548638844904	147.97280427066096	290.2483953361819	98.43349812882522	256.2845555733991	58.41253568725891	275.17043429621714	67.3700837040132	93.58091982634961	77.42580991839937	0.2111074167956974
ENSDARG00000042518	0.597313696890489	0.9692516360940507	0.12588650675833316	18	12464461	12654011	-1	protein_coding	hipk2	homeodomain interacting protein kinase 2 [Source:ZFIN;Acc:ZDB-GENE-031125-4]	461	485	539	270	439	526	376	504	291	167	496	588	508.68500071642893	380.38369228778583	521.3172055720732	359.9338482259321	390.85596795271124	493.10495253106734	394.930298752451	588.7983597275698	421.4452441063115	135.55185516349644	468.84986094817583	425.48015170111057	0.20927650551511956
ENSDARG00000003197	0.10721301945543493	0.7600944457892513	-1.9725832256476816	16	3185541	3189799	1	protein_coding	wdr21	WD repeat domain 21 [Source:ZFIN;Acc:ZDB-GENE-040109-2]	55	1	2	2	3	2	108	74	2	2	7	90	60.68909986855443	0.7842962727583214	1.9343866626050954	2.6661766535254228	2.6709975030936985	1.8749237738823852	113.43742623740614	86.45055281714319	2.8965308873286015	1.6233755109400771	6.616832714994417	65.12451301547611	0.20914721898611052
ENSDARG00000115988	0.399090396442063	0.9342370559320533	0.5111440757055221	4	77557112	77557279	-1	protein_coding	AL935186.11	NA	50	64	337	76	30	146	31	50	101	161	86	55	55.17190897141312	50.19496145653257	325.94415264895855	101.31471283396606	26.709975030936985	136.86943549341413	32.5607427162925	58.41253568725891	146.27480981009438	130.68172863067622	81.29251621278856	39.79831350945762	0.20848607536369684
ENSDARG00000043770	0.01320092963400332	0.3472681557346888	-0.5363853103995139	7	3597413	3611842	1	protein_coding	si:dkey-192d15.2	si:dkey-192d15.2 [Source:ZFIN;Acc:ZDB-GENE-040724-74]	229	504	243	138	227	199	325	377	174	493	230	637	252.68734308907207	395.28532147019394	235.0279795065191	183.96618909325417	202.10547773408985	186.55491550129733	341.36262525145366	440.4305190819322	251.99818719758832	400.162063446729	217.410217778388	460.93683100953643	0.2077029947437855
ENSDARG00000086685	0.007578227496453282	0.258529742869941	0.5792354928810507	9	23900703	23902215	1	protein_coding	trim63b	tripartite motif containing 63b [Source:ZFIN;Acc:ZDB-GENE-040426-1003]	530	595	576	717	459	402	415	297	242	613	400	318	584.82223509697906	466.6562822912012	557.1033588302674	955.8243302888641	408.6626179733359	376.85967855035943	435.89381378262544	346.9704619823179	350.4802373667608	497.56459410313363	378.10472657110955	230.10661265468224	0.20765419383293315
ENSDARG00000060309	0.5504873566766485	0.963350989884724	0.15032042477694213	6	41554794	41757181	1	protein_coding	srgap3	SLIT-ROBO Rho GTPase activating protein 3 [Source:ZFIN;Acc:ZDB-GENE-060524-4]	371	322	405	181	295	344	283	337	203	113	353	395	409.3755645678853	252.54339982817947	391.71329917753184	241.28898714405076	262.6480878042137	322.48688910777025	297.24807060357347	393.70049053212506	293.99788506385306	91.72071636811435	333.6774211990042	285.82425156792294	0.20764098061065772
ENSDARG00000101621	0.9153263872541072	0.9933840197810816	0.09504922943650033	KN150636.1	2551	13087	1	protein_coding	CABZ01040054.1	CD59B glycoprotein-like [Source:NCBI gene;Acc:100535643]	72	90	4	59	114	136	3	89	129	5	80	82	79.44754891883488	70.58666454824892	3.868773325210191	78.65221127899997	101.49790511756055	127.4948166240022	3.151039617705726	103.97431352332086	186.8262422326948	4.058438777350193	75.62094531422191	59.335667414100456	0.2074295856446365
ENSDARG00000092870	0.813036157649662	0.9856363927651516	-0.08156698991356187	9	30245637	30248034	-1	lincRNA	BX936337.1	NA	273	143	317	257	277	264	142	292	209	551	291	181	301.2386229839156	112.15436700443995	306.6002860229076	342.60369997801683	246.6221027856515	247.48993815247485	149.14920857140436	341.12920841359204	302.68747772583885	447.23995326399125	275.0711885804822	130.97263173112418	0.2062241547440085
ENSDARG00000078327	0.5835137240408999	0.9692516360940507	0.14397775997999232	20	3108597	3130881	1	protein_coding	CEP170B	si:ch73-212j7.1 [Source:ZFIN;Acc:ZDB-GENE-081104-258]	252	242	294	131	229	267	205	251	154	74	263	293	278.0664212159221	189.79969800751377	284.35483940294904	174.6345708059152	203.88614273615232	250.30232381329844	215.32104054322463	293.23092915003974	223.03287832430232	60.064893904782856	248.60385772050452	212.01647015038333	0.20486110259084958
ENSDARG00000094112	0.23837385082592322	0.8858524057477505	-0.5618576756541593	21	45904956	45922066	1	protein_coding	slc22a21	solute carrier family 22 member 21 [Source:ZFIN;Acc:ZDB-GENE-091118-62]	105	62	140	75	25	122	205	90	77	253	119	57	115.86100883996754	48.62636891101592	135.40706638235667	99.98162450720335	22.25831252578082	114.3703502068255	215.32104054322463	105.14256423706604	111.51643916215116	205.35700213391976	112.48615615490509	41.24552490980154	0.2029741303277109
ENSDARG00000105178	0.17629372404405744	0.846718202755564	0.370967191594074	11	37310881	37425407	-1	protein_coding	erc2	ELKS/RAB6-interacting/CAST family member 2 [Source:ZFIN;Acc:ZDB-GENE-130530-700]	212	212	214	113	245	239	150	164	134	46	192	233	233.9288940387916	166.27080982476411	206.9793728987452	150.63898092418637	218.13146275265206	224.05339097894503	157.5519808852863	191.59311705420922	194.0675694510163	37.33763675162177	181.4902687541326	168.60012814006592	0.20160319030302717
ENSDARG00000093316	0.0013329622479264108	0.09636495063193377	0.8779973300352015	20	35719375	35750810	-1	protein_coding	adgrf8	adhesion G protein-coupled receptor F8 [Source:ZFIN;Acc:ZDB-GENE-130531-41]	173	259	132	109	188	181	103	30	112	59	112	125	190.89480504108937	203.13273464440522	127.66951973193629	145.30662761713555	167.38251019387178	169.68060153635588	108.18569354122992	35.047521412355344	162.20572969040168	47.88957757273228	105.86932343991067	90.4507125214946	0.19954532722692217
ENSDARG00000030722	6.024796346229521e-35	3.401600017081187e-31	1.9260922504340103	2	23749614	23768832	-1	protein_coding	xirp1	xin actin binding repeat containing 1 [Source:NCBI gene;Acc:497637]	654	1586	875	542	1420	1186	247	181	177	307	313	391	721.6485693460836	1243.8938885946977	846.2941648897292	722.5338731053895	1264.2721514643506	1111.8297979122544	259.43559519110477	211.45337918787726	256.3429835285812	249.18814092930182	295.86694854189324	282.9298287672351	0.19947551429813598
ENSDARG00000067701	0.16511757919998446	0.8382416882883934	0.3295681056993981	14	923522	933630	1	protein_coding	myoz3a	myozenin 3a [Source:ZFIN;Acc:ZDB-GENE-111012-4]	221	518	237	300	376	349	125	145	144	475	351	434	243.85983765364597	406.26546928881044	229.2248195187038	399.9264980288134	334.76502038774356	327.17419854247623	131.29331740440526	169.39635349305084	208.5502238876593	385.55168384826834	331.78689756614864	314.0448738746292	0.19867197756627789
ENSDARG00000117266	0.4551081083506034	0.947546593165598	0.4930209494242928	12	46071521	46083500	-1	lincRNA	FO904966.1	NA	55	182	53	55	190	105	82	4	114	27	37	154	60.68909986855443	142.7419216420145	51.26124655903503	73.31985797194912	169.16317519593423	98.43349812882522	86.12841621728984	4.673002854980712	165.10226057773028	21.91556939769104	34.974687207827635	111.43527782648134	0.19766323923339268
ENSDARG00000007906	0.8762275975217959	0.9891714246371273	0.06382494456483781	12	16132612	16229402	1	protein_coding	lrp2b	low density lipoprotein receptor-related protein 2b [Source:ZFIN;Acc:ZDB-GENE-111115-1]	376	199	225	188	149	100	306	201	81	227	279	122	414.89275546502665	156.07495827890594	217.61849954307323	250.62060543138972	132.6595426536537	93.74618869411927	321.40604100598404	234.81839346278082	117.30950093680836	184.25312049169875	263.72804678334893	88.27989542097872	0.19762392459044695
ENSDARG00000030463	8.95797477188233e-16	1.1900406014599445e-12	-1.1107548895755694	7	35229645	35243976	1	protein_coding	tppp3	tubulin polymerization-promoting protein family member 3 [Source:ZFIN;Acc:ZDB-GENE-040426-1909]	144	223	215	221	200	237	394	329	350	624	451	583	158.89509783766977	174.89806882510567	207.94656623004775	294.6125202145592	178.06650020624656	222.17846720506265	413.8365364586854	384.3544848221636	506.8929052825053	506.49315941330406	426.313079208926	421.8621232002508	0.19719175363039085
ENSDARG00000100794	0.9284694095962057	0.9947094599403019	-0.05001959777784344	15	33825750	33834577	-1	protein_coding	mmp13b	matrix metallopeptidase 13b [Source:ZFIN;Acc:ZDB-GENE-030131-6152]	161	22	19	72	111	70	65	126	73	59	78	66	177.65354688795023	17.25451800068307	18.376673294748407	95.98235952691522	98.82690761446685	65.62233208588349	68.27252505029072	147.19958993189246	105.72337738749395	47.88957757273228	73.73042168136637	47.757976211349146	0.19708644185110571
ENSDARG00000003244	0.1177571094299481	0.7810353581883801	-0.885815779798126	2	43894368	43918874	1	protein_coding	gbp3	guanylate binding protein 3 [Source:ZFIN;Acc:ZDB-GENE-070912-176]	98	33	34	25	112	32	204	29	78	148	107	38	108.1369415839697	25.881777001024606	32.88457326428662	33.32720816906778	99.71724011549809	29.998780382118163	214.27069400398938	33.87927069861016	112.96470460581546	120.12978780956571	101.1430143577718	27.497016606534356	0.1959754316010626
ENSDARG00000038321	0.09228372331821608	0.727193163788762	0.8093767961852495	9	33080438	33081978	-1	protein_coding	zgc:172053	zgc:172053 [Source:ZFIN;Acc:ZDB-GENE-080219-25]	118	115	55	90	162	88	82	44	95	18	33	49	130.20570517253495	90.19407136720696	53.19563322164012	119.97794940864402	144.23386516705972	82.49664605082495	86.12841621728984	51.40303140478784	137.58521714810857	14.610379598460694	31.193639942116537	35.45667930842588	0.1932190629671174
ENSDARG00000098174	0.977581264584778	0.9985685738171153	0.026064404027037913	KN150631.1	20777	25082	1	protein_coding	ACADSB	acyl-CoA dehydrogenase, short/branched chain-like [Source:NCBI gene;Acc:100037342]	10	156	15	9	142	13	10	15	85	12	13	167	11.034381794282623	122.35021855029812	14.507899969538215	11.997794940864402	126.42721514643506	12.187004530235503	10.503465392352421	17.523760706177672	123.10256271146557	9.740253065640463	12.28840361356106	120.84215192871677	0.19306407291768352
ENSDARG00000105212	0.009345748624951543	0.29355269394423594	0.6784089642144873	22	23693195	23706771	-1	protein_coding	cfhl1	complement factor H like 1 [Source:ZFIN;Acc:ZDB-GENE-050208-342]	109	135	243	94	157	284	106	145	76	88	87	109	120.27476155768059	105.87999682237339	235.0279795065191	125.31030271569486	139.78220266190357	266.2391758912987	111.33673315893566	169.39635349305084	110.06817371848686	71.42852248136339	82.23777802921633	78.87302131874328	0.19294089581447313
ENSDARG00000105443	1.0273508612131932e-14	1.2889828805354865e-11	1.7620866791487446	7	4299907	4315859	-1	protein_coding	si:ch211-63p21.8	si:ch211-63p21.8 [Source:ZFIN;Acc:ZDB-GENE-130530-652]	210	246	207	268	188	214	91	39	46	99	76	52	231.72201767993508	192.93688309854704	200.20901957962738	357.26767157240664	167.38251019387178	200.61684380541521	95.58153507040703	45.56177783606195	66.62021040855784	80.35708779153381	71.83989804851082	37.62749640894175	0.19138219581174779
ENSDARG00000061120	0.2497706601024466	0.8892405379758439	-0.22951560163880977	10	24371921	24391716	-1	protein_coding	slc43a2b	solute carrier family 43 member 2b [Source:ZFIN;Acc:ZDB-GENE-041212-6]	2231	4190	1869	3035	4201	3881	3911	2686	3621	4707	2437	5032	2461.7705783044535	3286.2013828573663	1807.6843362044617	4045.923071724829	3740.2868368322092	3638.2895832187687	4107.905314949032	3137.9214171195486	5244.1691715084335	3820.6142649974713	2303.603046634485	3641.1838832652866	0.19133677995677825
ENSDARG00000013236	0.6385465945625766	0.9695377108480284	0.1821307960053598	20	7149100	7176810	-1	protein_coding	dhcr24	24-dehydrocholesterol reductase [Source:ZFIN;Acc:ZDB-GENE-041212-73]	43	233	137	49	206	240	85	65	122	137	124	233	47.44784171541528	182.74103155268887	132.50548638844904	65.32132801137286	183.40849521243396	224.99085286588624	89.27945583499557	75.93629639343658	176.68838412704469	111.20122249939529	117.21246523704396	168.60012814006592	0.18809893923962573
ENSDARG00000092532	0.5564829745031068	0.963350989884724	0.4265457731091353	22	19188809	19268278	1	protein_coding	si:dkey-21e2.8	si:dkey-21e2.8 [Source:ZFIN;Acc:ZDB-GENE-050208-459]	130	159	62	82	23	33	91	89	24	28	110	4	143.4469633256741	124.70310736857309	59.96598654075796	109.31324279454233	20.477647523718357	30.936242269059356	95.58153507040703	103.97431352332086	34.75837064794322	22.72725715316108	103.97879980705513	2.894422800687827	0.18677412576761646
ENSDARG00000075263	8.75239307037698e-13	7.906561804055749e-10	1.4564187811018732	17	23462972	23472265	1	protein_coding	ankrd1a	ankyrin repeat domain 1a (cardiac muscle) [Source:ZFIN;Acc:ZDB-GENE-100405-1]	108	268	106	70	195	173	45	42	36	69	65	68	119.17132337825232	210.19140109923012	102.52249311807006	93.31618287338979	173.6148377010904	162.18090644082633	47.26559426558589	49.066529977297485	52.13755597191483	56.00645512743266	61.4420180678053	49.20518761169306	0.18639882322850185
ENSDARG00000109626	0.07902232109660733	0.6999860317342971	0.4684475590531526	12	46283843	46315898	-1	protein_coding	si:ch211-226h7.3	si:ch211-226h7.3 [Source:ZFIN;Acc:ZDB-GENE-130531-9]	287	199	230	172	179	289	284	72	122	124	198	183	316.6867574959113	156.07495827890594	222.45446619958597	229.29119220318634	159.36951768459068	270.9264853260047	298.2984171428087	84.11405138965283	176.68838412704469	100.64928167828478	187.16183965269923	132.4198431314681	0.1858874003381142
ENSDARG00000114910	0.37074703198976566	0.9268603821567755	0.39651457992932854	7	7653	7987	1	pseudogene	FO704772.2	NA	1487	1866	6604	2040	1115	2877	1181	1458	1967	3821	1923	1891	1640.8125728098262	1463.4968449670275	6387.344759922025	2719.500186595931	992.7207386498246	2697.077848729811	1240.459262836821	1703.3095406404698	2848.7381276876795	3101.458913651017	1817.7384729906091	1368.3383790251703	0.18578799724314676
ENSDARG00000001993	1.3587426067664211e-5	0.002864672348652401	0.7011902632569559	6	40745437	40756138	-1	protein_coding	myhb	myosin, heavy chain b [Source:ZFIN;Acc:ZDB-GENE-081124-1]	5943	7135	4622	4124	4147	3840	3251	2456	1483	4634	3381	3727	6557.733100342163	5595.953906130622	4470.367577280375	5497.656259569421	3692.2088817765225	3599.85364585418	3414.676599053772	2869.2237529581575	2147.777652954158	3761.361058848159	3195.9302013423035	2696.878444540883	0.1855658088194128
ENSDARG00000001818	0.10811312509846524	0.7615503890327816	0.37205726705014575	22	26129250	26175237	-1	protein_coding	c3b.2	complement component c3b, tandem duplicate 2 [Source:ZFIN;Acc:ZDB-GENE-030131-3063]	656	893	504	603	597	568	663	413	335	230	660	617	723.85544570494	700.376571573181	487.46543897648405	803.8522610379149	531.528503115646	532.4783517825974	696.3797555129654	482.48754477675857	485.1689236275408	186.68818375810886	623.8727988423308	446.4647170060973	0.18444768935450379
ENSDARG00000089475	0.5574908426299672	0.963350989884724	-0.39989794500597253	3	55120330	55121125	-1	protein_coding	hbae1.1	hemoglobin, alpha embryonic 1.1 [Source:ZFIN;Acc:ZDB-GENE-980526-80]	2	141	108	131	141	58	209	67	29	120	217	154	2.2068763588565248	110.58577445892331	104.45687978067515	174.6345708059152	125.53688264540384	54.37278944258917	219.52242670016557	78.27279782092694	41.999697866264725	97.40253065640462	205.12181416482693	111.43527782648134	0.18403153111253454
ENSDARG00000104540	0.24257872103080905	0.8858524057477505	0.4818157622504124	23	42336142	42409339	1	protein_coding	cyp2aa8	cytochrome P450, family 2, subfamily AA, polypeptide 8 [Source:ZFIN;Acc:ZDB-GENE-041010-183]	403	320	749	551	223	534	253	525	140	471	443	221	444.6855863095897	250.97480728266282	724.4278051456082	734.5316680462539	198.54414772996492	500.6046476265969	265.7376744265162	613.3316247162186	202.7571621130021	382.30493282638815	418.7509846775038	159.91685973800244	0.1828965885908048
ENSDARG00000077504	0.07492450672961859	0.685336192783194	-0.9300423212785822	8	29718692	29719393	-1	protein_coding	si:ch211-103n10.5	si:ch211-103n10.5 [Source:ZFIN;Acc:ZDB-GENE-030131-5155]	77	235	105	44	36	39	304	175	48	114	205	98	84.9647398159762	184.30962409820552	101.5552997867675	58.6558863775593	32.051970037124384	36.561013590706516	319.3053479275136	204.44387490540618	69.51674129588643	92.5324041235844	193.77867236769364	70.91335861685177	0.1822734955989829
ENSDARG00000091918	0.5127718205466397	0.9594023909454243	-0.9902996265358314	5	42361013	42363243	1	processed_transcript	BX548073.1	NA	49	58	49	0	1	2	107	52	0	0	78	70	54.06847079198485	45.489183819982635	47.39247323382484	0	0.8903325010312328	1.8749237738823852	112.3870796981709	60.749037114749264	0	0	73.73042168136637	50.65239901203697	0.1817825184219726
ENSDARG00000092788	0.7283236002749983	0.9800184447140099	0.32733642239950406	22	19289970	19291261	1	protein_coding	si:dkey-21e2.15	si:dkey-21e2.15 [Source:ZFIN;Acc:ZDB-GENE-050208-780]	361	502	170	228	38	133	290	272	98	26	365	1	398.3411827736027	393.7167289246773	164.4228663214331	303.9441385018982	33.83263503918685	124.68243096317862	304.60049637822016	317.7641941386885	141.93001347910146	21.103881642221	345.02056299613747	0.7236057001719568	0.18172675609147518
ENSDARG00000007708	0.7216661549883889	0.9783952721970091	-0.14897791242393574	21	3789839	3796461	-1	protein_coding	nsa2	NSA2 ribosome biogenesis homolog (S. cerevisiae) [Source:ZFIN;Acc:ZDB-GENE-030131-488]	3392	5078	3826	675	4202	3689	3519	3184	4513	1381	3265	4828	3742.862304620666	3982.6564730667556	3700.4816855635477	899.8346205648302	3741.1771693332403	3458.2969009260596	3696.169471568817	3719.7102725646473	6536.02194725699	1120.9407903041233	3086.2798306366817	3493.568320430207	0.18130968354698193
ENSDARG00000103826	0.6431114265125166	0.9695377108480284	0.14479342609752435	18	402048	423921	1	protein_coding	gpib	glucose-6-phosphate isomerase b [Source:ZFIN;Acc:ZDB-GENE-020513-3]	1314	1850	798	1307	663	1264	1170	549	471	1915	1445	1420	1449.9177677687367	1450.9481046028945	771.820278379433	1742.3464430788638	590.2904481837073	1184.9518250936676	1228.9054509052332	641.3696418461028	682.1330239658856	1554.3820517251238	1365.9033247381333	1027.5200942441786	0.17940564463894204
ENSDARG00000059824	0.6026138713183973	0.9692516360940507	0.23197515253209247	6	58737168	58764672	-1	protein_coding	soat2	sterol O-acyltransferase 2 [Source:ZFIN;Acc:ZDB-GENE-061013-742]	186	50	110	104	52	44	59	100	48	69	120	100	205.2395013736568	39.214813637916066	106.39126644328024	138.64118598332198	46.29729005362411	41.248323025412475	61.97044581487928	116.82507137451782	69.51674129588643	56.00645512743266	113.43141797133286	72.36057001719567	0.17702744534728643
ENSDARG00000076241	0.0013258744696120475	0.09628150810841954	0.540043447964797	17	6358160	6382392	-1	protein_coding	txlnbb	taxilin beta b [Source:ZFIN;Acc:ZDB-GENE-070424-77]	1689	2873	2041	1793	1703	1606	1634	1485	670	1172	1298	1811	1863.707085054335	2253.283191634657	1974.0415891884998	2390.2273698855415	1516.2362492561895	1505.5637904275554	1716.2662451103854	1734.8523099115896	970.3378472550816	951.2980494108851	1226.9498377232505	1310.4499230114136	0.1768532270345416
ENSDARG00000060350	0.2775964759070478	0.8989265589376855	-0.3667328660434164	2	37207461	37215989	1	protein_coding	apoda.2	apolipoprotein Da, duplicate 2 [Source:ZFIN;Acc:ZDB-GENE-070912-551]	1212	1415	753	679	2148	2297	1665	961	2133	2552	1233	1810	1337.3670734670538	1109.7792259530247	728.2965784708184	905.1669738718809	1912.434212215088	2153.3499543039193	1748.8269878266779	1122.6889359091163	3089.1501913359534	2071.4271519595386	1165.5078196554452	1309.7263173112417	0.17609595555545635
ENSDARG00000093936	0.002152500580725502	0.1280267290318394	1.0452399052215566	18	7591381	7593581	1	protein_coding	si:dkeyp-1h4.6	si:dkeyp-1h4.6 [Source:ZFIN;Acc:ZDB-GENE-060503-841]	926	2311	630	878	846	743	411	228	618	438	495	724	1021.7837541505709	1812.5086863444806	609.3317987206051	1170.4515508976606	753.221295872423	696.5341819973062	431.69242762568445	266.36116273390064	895.0280441845379	355.5192368958769	467.90459913174806	523.8905269244967	0.1755058639854896
ENSDARG00000038643	0.3633444619659915	0.9241882260264288	-0.29025632212257296	8	21353878	21369028	1	protein_coding	alas2	aminolevulinate, delta-, synthase 2 [Source:NCBI gene;Acc:64607]	467	947	645	403	400	364	666	520	253	675	1284	519	515.3056297929985	742.7285703021303	623.8396986901432	537.2345956853727	356.1330004124931	341.2361268465941	699.5307951306712	607.4903711474926	366.4111572470681	547.8892349422761	1213.7161722932617	375.55135838924554	0.17419840511707668
ENSDARG00000094990	0.774704092612841	0.9828062705071566	-0.11942578582215542	6	21053548	21066911	1	protein_coding	si:dkey-91f15.1	si:dkey-91f15.1 [Source:ZFIN;Acc:ZDB-GENE-060601-4]	258	159	170	190	147	124	361	98	161	111	279	119	284.6870502924917	124.70310736857309	164.4228663214331	253.28678208491516	130.87887765159124	116.24527398070789	379.17510066392236	114.48856994702746	233.17073642995243	90.09734085717427	263.72804678334893	86.10907832046286	0.17376481791759035
ENSDARG00000089310	0.18687001525637972	0.8536134092094959	0.279899618297408	5	45677781	45725008	1	protein_coding	gc	GC vitamin D binding protein [Source:ZFIN;Acc:ZDB-GENE-040718-307]	1829	3174	2134	2917	2890	2900	1437	2191	1949	2620	1208	3888	2018.1884301742919	2489.356369734912	2063.9905689996367	3888.618649166829	2573.060927980263	2718.6394721294587	1509.3479768810428	2559.6373138156855	2822.6693497017222	2126.621919331501	1141.876274244751	2813.378962268568	0.173564666784847
ENSDARG00000009341	2.3190769369400147e-9	1.2180007800896113e-6	0.7430494632687099	12	30586599	30618440	1	protein_coding	nrap	nebulin-related anchoring protein [Source:ZFIN;Acc:ZDB-GENE-060616-224]	1182	2376	1251	1038	1822	1603	976	714	740	938	955	1001	1304.263928084206	1863.4879440737716	1209.9588574594873	1383.7456831796944	1622.1858168789063	1502.7514047667319	1025.1382222935963	834.1310096140572	1071.7164283115826	761.3631146308961	902.725034688524	724.3293058721288	0.17350439695333866
ENSDARG00000043173	0.51108913207957	0.9594023909454243	-0.5433691815437285	22	7480465	7483755	1	protein_coding	cela1.3	chymotrypsin like elastase family member 1, tandem duplicate 3 [Source:ZFIN;Acc:ZDB-GENE-040801-12]	12	43	3	18	78	61	52	2	103	22	30	57	13.241258153139148	33.724739728607815	2.901579993907643	23.995589881728804	69.44593508043616	57.18517510341275	54.61802004023259	2.336501427490356	149.17134069742298	17.857130620340847	28.357854492833216	41.24552490980154	0.17040402978912456
ENSDARG00000097959	0.6755165318851228	0.9739472279297153	0.11767912901702669	17	2549503	2555215	1	protein_coding	si:dkey-248g15.3	si:dkey-248g15.3 [Source:ZFIN;Acc:ZDB-GENE-131127-95]	556	1059	492	879	700	556	438	470	422	1417	583	801	613.5116277621139	830.5697528510623	475.85911900085347	1171.7846392244232	623.232750721863	521.228809139303	460.051784185036	549.0778354602337	611.1680172263349	1150.1615495010446	551.0876389773922	579.6081658377374	0.16891676950208376
ENSDARG00000093303	0.8005802300512719	0.985503549783122	0.06172390587355509	5	33258289	33259079	-1	protein_coding	ifitm1	interferon induced transmembrane protein 1 [Source:ZFIN;Acc:ZDB-GENE-060526-259]	312	390	210	389	499	439	205	290	351	583	214	547	344.2727119816178	305.87554637574533	203.110599573535	518.5713591106947	444.2759180145852	411.54576836718354	215.32104054322463	338.7927069861017	508.3411707261696	473.21396143903246	202.2860287155436	395.8123179940603	0.16809813837813795
ENSDARG00000032010	0.7679477557208167	0.9820709182336177	0.17030953592651718	9	37320222	37339656	1	protein_coding	slc15a2	solute carrier family 15 member 2 [Source:NCBI gene;Acc:556684]	186	49	187	160	304	251	37	220	206	219	219	53	205.2395013736568	38.43051736515775	180.86515295357643	213.29413228203381	270.6610803134948	235.30293362223935	38.86282195170396	257.0151570239392	298.34268139484595	177.75961844793844	207.01233779768248	38.35110210911371	0.16803716639509184
ENSDARG00000041595	0.13558421307260635	0.8092474664214674	0.3244343260819204	18	17418254	17426306	1	protein_coding	ces3	carboxylesterase 3 [Source:ZFIN;Acc:ZDB-GENE-030131-9563]	1345	2345	3177	3346	3087	3424	1796	2045	1842	3539	1911	2495	1484.1243513310128	1839.1747596182636	3072.7732135481942	4460.513541348032	2748.456430683416	3209.8695008866434	1886.4223844664946	2389.0727096088895	2667.704947229642	2872.5629666084665	1806.3953311934758	1805.3962219290322	0.1679291184662554
ENSDARG00000042829	0.46841362836325967	0.9486585232807095	0.286941691415487	20	35576739	35706379	-1	protein_coding	si:dkey-30j22.1	si:dkey-30j22.1 [Source:ZFIN;Acc:ZDB-GENE-041001-184]	347	276	266	144	259	275	271	237	150	44	264	272	382.893048261607	216.4657712812967	257.2734261264777	191.96471905383044	230.5961177670893	257.80201890882796	284.6439121327506	276.8754191576072	217.23981654964513	35.714261240681694	249.5491195369323	196.82075044677225	0.16720702917448588
ENSDARG00000075754	0.02874048719810003	0.5011814090529285	0.5672991681621139	1	55191150	55210619	-1	protein_coding	mri1	methylthioribose-1-phosphate isomerase 1 [Source:NCBI gene;Acc:100002302]	113	220	157	106	242	260	76	88	153	75	121	185	124.68851427539364	172.5451800068307	151.8493530145	141.30736263684742	215.46046524955835	243.74009060471008	79.8263369818784	102.80606280957568	221.58461288063802	60.87658166025289	114.37667978776064	133.867054531812	0.16662249681599742
ENSDARG00000093237	0.023832087722647898	0.45612192299006793	-0.5432640459995052	1	41454210	41464007	1	protein_coding	si:ch211-89o9.4	si:ch211-89o9.4 [Source:ZFIN;Acc:ZDB-GENE-090313-134]	93	271	260	148	176	106	193	136	192	444	296	285	102.6197506868284	212.54428991750507	251.4702661386624	197.2970723608813	156.69852018149697	99.37096001576641	202.71688207240172	158.88209706934424	278.06696518354573	360.3893634286971	279.7974976626211	206.2276245490077	0.16649430084243977
ENSDARG00000044204	0.5164486900876977	0.9594023909454243	-0.16933733629261313	6	39905021	39912440	1	protein_coding	endou	endonuclease, polyU-specific [Source:NCBI gene;Acc:791216]	206	225	114	162	350	345	278	176	312	279	188	257	227.30826496222204	176.4666613706223	110.26003976849044	215.96030893555923	311.6163753609315	323.42435099471146	291.9963379073973	205.61212561915136	451.8588184232618	226.46088377614075	177.7092214884215	185.9666649441929	0.16646760724007723
ENSDARG00000062082	0.24308661945720153	0.8858524057477505	0.25964449214765206	18	27904515	27993797	1	protein_coding	hipk3b	homeodomain interacting protein kinase 3b [Source:ZFIN;Acc:ZDB-GENE-030131-82]	505	540	543	205	550	563	371	408	313	200	497	537	557.2362806112725	423.51998728949354	525.1859788972833	273.28310698635585	489.6828755671781	527.7910423478914	389.6785660562748	476.64629120803266	453.3070838669261	162.33755109400772	469.7951227646036	388.5762609923408	0.16562822834917196
ENSDARG00000037894	0.011624808123774224	0.3261300207047417	0.6191966933160725	3	36859701	36892651	1	protein_coding	ezh1	enhancer of zeste 1 polycomb repressive complex 2 subunit [Source:ZFIN;Acc:ZDB-GENE-050114-1]	654	447	242	205	326	349	180	203	247	318	212	263	721.6485693460836	350.58043392296963	234.06078617521655	273.28310698635585	290.2483953361819	327.17419854247623	189.06237706234356	237.15489489027118	357.72156458508226	258.11670623947225	200.39550508268806	190.30829914522462	0.16527313892771206
ENSDARG00000079347	0.03530999187353964	0.5402715829756228	-0.5588740768369529	3	472158	474844	1	protein_coding	zgc:194659	zgc:194659 [Source:ZFIN;Acc:ZDB-GENE-081022-139]	101	108	159	182	174	84	197	213	183	126	192	291	111.4472561222545	84.70399745789871	153.78373967710507	242.62207547081346	154.91785517943453	78.74679850306018	206.9182682293427	248.83740202772296	265.03257619056706	102.27265718922486	181.4902687541326	210.5692587500394	0.1651421696012572
ENSDARG00000045142	0.9643625409956018	0.9974884870314498	0.02142746853258035	12	20342451	20353541	1	protein_coding	hbae5	hemoglobin, alpha embryonic 5 [Source:ZFIN;Acc:ZDB-GENE-101028-1]	48	352	64	60	58	95	118	65	56	72	76	265	52.96503261255659	276.0722880109291	61.90037320336305	79.98529960576268	51.639285059811506	89.0588792594133	123.94089162975855	75.93629639343658	81.10286484520084	58.44151839384278	71.83989804851082	191.75551054556854	0.1633318142734317
ENSDARG00000102241	0.0425503672619398	0.5888219940218434	0.5231699095321215	21	44505613	44512893	-1	protein_coding	zgc:136410	zgc:136410 [Source:ZFIN;Acc:ZDB-GENE-060421-6071]	189	434	386	255	340	293	58	225	133	289	272	374	208.54981591194158	340.3845823771115	373.33662588278344	339.9375233244914	302.7130503506192	274.67633287376947	60.920099275644034	262.8564105926651	192.619304007352	234.57776133084116	257.1112140683545	270.6285318643118	0.16318722841832378
ENSDARG00000053774	0.6716171813986684	0.9734585917170123	0.12493758645422798	22	38778649	38794610	1	protein_coding	alpi.2	alkaline phosphatase, intestinal, tandem duplicate 2 [Source:ZFIN;Acc:ZDB-GENE-050626-142]	586	2091	694	798	1732	1323	1453	654	816	1020	721	1741	646.6147731449618	1639.96350633765	671.232171923968	1063.8044847566437	1542.0558917860953	1240.2620764231979	1526.1535215088068	764.0359667893465	1181.7846020300694	827.9215105794393	681.533769644425	1259.7975239993766	0.16313089370095474
ENSDARG00000009153	0.2021459533856438	0.8698139190050201	-0.6206068960756771	8	39724138	39733667	1	protein_coding	pla2g1b	phospholipase A2, group IB (pancreas) [Source:ZFIN;Acc:ZDB-GENE-070117-1]	194	95	70	77	375	127	172	193	337	196	96	359	214.0670068090829	74.50814591204053	67.70353319117834	102.64780116072878	333.8746878867123	119.05765964153146	180.65960474846162	225.47238775281937	488.0654545148694	159.09080007212756	90.7451343770663	259.7744463617325	0.1630557281984079
ENSDARG00000100315	0.6466207583458774	0.9700492420924138	0.1582386365818791	9	1137430	1162804	1	protein_coding	slc15a1a	solute carrier family 15 member 1a [Source:ZFIN;Acc:ZDB-GENE-091204-9]	519	1958	609	316	1358	1224	945	616	708	702	553	1491	572.6844151232682	1535.6521020607931	589.0207387632515	421.2559112570168	1209.0715364004143	1147.4533496160198	992.5774795773037	719.6424396670297	1025.3719341143249	569.8048043399671	522.729784484559	1078.8960989563875	0.16254222060687595
ENSDARG00000060797	4.3961569329319377e-4	0.042794313867816756	-0.6604020674809037	6	39737408	39765546	-1	protein_coding	pfkmb	phosphofructokinase, muscle b [Source:ZFIN;Acc:ZDB-GENE-081114-1]	337	411	459	248	447	259	397	326	526	922	605	630	371.8586664673244	322.3457681036701	443.9417390678694	330.6059050371524	397.9786279609611	242.8026287177689	416.98757607639106	380.84973268092807	761.7876233674222	748.3761105433756	571.8833989388032	455.8715911083328	0.16177664840956144
ENSDARG00000020761	0.8293878988896551	0.9866519787623629	0.06023357525364287	11	13524504	13533782	1	protein_coding	arrdc2	arrestin domain containing 2 [Source:ZFIN;Acc:ZDB-GENE-030131-7146]	984	582	676	828	492	561	916	620	406	880	588	749	1085.7831685574101	456.460430745343	653.8226919605222	1103.797134559525	438.04359050736656	525.916118574009	962.1174299394817	724.3154425220105	587.9957701277061	714.2852248136339	555.8139480595311	541.9806694287956	0.1611683185859901
ENSDARG00000104329	1.0376229604994885e-4	0.014032141880191886	0.8092143606316823	8	19514294	19520341	1	protein_coding	si:ch73-281k2.5	si:ch73-281k2.5 [Source:ZFIN;Acc:ZDB-GENE-141222-10]	211	385	522	191	267	361	210	187	151	157	139	215	232.82545585936336	301.95406501195373	504.8749189399299	254.61987041167785	237.71877777533916	338.42374118577055	220.57277323940082	218.46288347034832	218.68808199330942	127.43497760879606	131.39139248346058	155.5752255369707	0.1601725633930326
ENSDARG00000043818	0.9828643290608662	0.9985685738171153	-0.0061511696088296245	12	20699534	20785149	1	protein_coding	CASKIN2	si:ch211-119c20.2 [Source:ZFIN;Acc:ZDB-GENE-041001-137]	63	318	191	93	255	255	164	165	164	104	172	349	69.51660530398053	249.40621473714617	184.7339262787866	123.97721438893215	227.03478776296438	239.05278117000412	172.25683243457968	192.7613677679544	237.51553276094532	84.415526568884	162.5850324255771	252.5383893600129	0.15990793246685295
ENSDARG00000101557	0.7877162802919596	0.9845530402379334	-0.15189138407880898	10	44699734	44748270	1	protein_coding	scarb1	scavenger receptor class B, member 1 [Source:ZFIN;Acc:ZDB-GENE-031126-1]	189	544	125	241	767	307	112	123	514	897	175	521	208.54981591194158	426.6571723805268	120.89916641281846	321.2742867498134	682.8850282909556	287.80079929094614	117.63881239434711	143.69483779065692	744.4084380434506	728.0839166566246	165.42081787486043	376.99856978958945	0.15950033748507728
ENSDARG00000103295	0.23673000606475997	0.8850124495050535	0.24513608833815217	1	59338175	59348118	-1	protein_coding	cyp3a65	cytochrome P450, family 3, subfamily A, polypeptide 65 [Source:ZFIN;Acc:ZDB-GENE-050604-1]	2658	6587	3463	5975	5963	4830	4011	3572	3222	4789	2803	7033	2932.938680920321	5166.159548659062	3349.390506300723	7965.2027524072	5309.052703649241	4527.940913925961	4212.939968872556	4172.991549497777	4666.311259486377	3887.1726609460147	2649.5688714470502	5089.118889309372	0.1594648246577611
ENSDARG00000019294	0.3283411321278867	0.9146760200251542	0.49168680347249055	7	73453486	73455918	1	protein_coding	cbln8	cerebellin 8 [Source:ZFIN;Acc:ZDB-GENE-080204-13]	55	150	75	173	247	334	75	96	183	53	97	183	60.68909986855443	117.6444409137482	72.53949984769108	230.62428052994906	219.9121277547145	313.11227023835835	78.77599044264315	112.15206851953711	265.03257619056706	43.01945103991204	91.69039619349407	132.4198431314681	0.157839274138122
ENSDARG00000013961	0.2860314346054132	0.902894582266496	0.2323841684484562	5	57328535	57354915	1	protein_coding	slc31a1	solute carrier family 31 member 1 [Source:ZFIN;Acc:ZDB-GENE-040415-3]	803	2566	1149	944	1926	1881	823	899	1043	2050	849	2149	886.0608580808946	2012.5042358978526	1111.3051376666274	1258.4353804639995	1714.7803969861545	1763.3658093363833	864.4352017906042	1050.2573916569152	1510.5408577418657	1663.9598987135792	802.52728214718	1555.028649669535	0.15602617620707016
ENSDARG00000055618	8.143743972490339e-46	1.839183138747218e-41	-1.7354466090989071	13	24279021	24284442	1	protein_coding	acta1b	actin alpha 1, skeletal muscle b [Source:ZFIN;Acc:ZDB-GENE-030131-55]	4583	8048	6657	4007	5819	6594	23317	15808	10513	24346	23124	20897	5057.057176319726	6312.01640315897	6438.60600648106	5341.684925338184	5180.844823500744	6181.623682490224	24490.93025534814	18467.707282883777	15225.614609242793	19761.35009467356	21858.234243075844	15121.18831649338	0.15415715103020683
ENSDARG00000075600	0.0021015693490437984	0.12673240154716478	1.5020024323813048	10	9105007	9115383	-1	protein_coding	si:dkeyp-41f9.3	si:dkeyp-41f9.3 [Source:ZFIN;Acc:ZDB-GENE-091118-56]	366	305	376	239	166	166	148	58	30	57	234	56	403.858373670744	239.210363191288	363.66469256975796	318.608110096288	147.79519517118464	155.61867323223797	155.45128780681583	67.75854139722033	43.44796330992902	46.2662020617922	221.19126504409908	40.52191920962958	0.15336133040778369
ENSDARG00000088589	0.38345739957947395	0.9296181984192777	-0.3143942670194128	7	22675475	22677211	1	protein_coding	ponzr3	plac8 onzin related protein 3 [Source:ZFIN;Acc:ZDB-GENE-050506-38]	105	263	172	112	181	177	258	57	117	490	143	220	115.86100883996754	206.26991973543852	166.3572529840382	149.30589259742368	161.15018268665315	165.9307539885911	270.98940712269246	66.59029068347516	169.4470569087232	397.7270001803189	135.17243974917167	159.19325403783049	0.15335779206665454
ENSDARG00000052207	0.6620091295749551	0.97257503475832	0.3220093268255384	1	56274613	56320569	1	protein_coding	c3a.3	complement component c3a, duplicate 3 [Source:ZFIN;Acc:ZDB-GENE-990415-37]	3290	288	2342	2353	295	1982	1943	2062	103	1626	2196	1530	3630.311610318983	225.87732655439655	2265.166781910567	3136.7568328726597	262.6480878042137	1858.0494599174438	2040.8233257340753	2408.9329717425576	149.17134069742298	1319.8042903942826	2075.7949488753916	1107.116721263094	0.15259166145595784
ENSDARG00000029075	0.47881163651428377	0.9504777281470469	-0.1481980929549606	6	39993605	40029423	-1	protein_coding	pfkfb4b	6-phosphofructo-2-kinase/fructose-2,6-biphosphatase 4b [Source:ZFIN;Acc:ZDB-GENE-031031-4]	2107	1729	2150	2175	1539	1431	2493	1715	1833	1848	2469	2059	2324.944244055349	1356.0482555991375	2079.4656623004776	2899.467110708897	1370.2217190870674	1341.5079602128467	2618.5139223134584	2003.5499740729806	2654.6705582366635	1499.9989721086313	2333.851424760174	1489.904136654059	0.15223766241753972
ENSDARG00000103687	0.19925727782914543	0.8683449389550227	-0.35656394337775527	21	25226558	25227191	1	protein_coding	sycn.2	syncollin, tandem duplicate 2 [Source:ZFIN;Acc:ZDB-GENE-141212-321]	834	1377	650	520	1664	1781	1398	957	1423	1749	1129	1601	920.2674416431707	1079.9759675882085	628.675665346656	693.2059299166099	1481.5132817159715	1669.6196206422642	1468.3844618508683	1118.0159330541355	2060.8817263343	1419.6418843170975	1067.2005907469568	1158.4927259753028	0.15188727072202332
ENSDARG00000095434	0.04382608044157136	0.5962752589305739	0.9495950365719925	1	52392511	52396264	1	protein_coding	si:ch211-217k17.8	si:ch211-217k17.8 [Source:ZFIN;Acc:ZDB-GENE-031010-46]	149	187	85	122	160	149	92	52	76	8	100	92	164.41228873481109	146.6634030058061	82.21143316071655	162.6367758650508	142.45320016499727	139.6818211542377	96.63188160964226	60.749037114749264	110.06817371848686	6.493502043760309	94.52618164277739	66.57172441582003	0.1510371312651836
ENSDARG00000017314	0.4607063863592756	0.9477742197198394	-0.2177933858932088	22	7439186	7447391	1	protein_coding	cela1.6	chymotrypsin like elastase family member 1, tandem duplicate 6 [Source:ZFIN;Acc:ZDB-GENE-040808-55]	19270	25060	12160	13865	32936	31723	25882	16308	30530	28558	19221	27153	21263.253717582615	19654.464595323534	11761.07090863898	18483.26965056499	29323.991253964687	29739.103439435454	27185.069128486535	19051.832639756365	44215.5439950711	23180.178920713362	18168.877373558244	19648.065576769142	0.15060585668110332
ENSDARG00000053500	0.020032424166785353	0.4162026378865505	0.7153192652224513	1	29068649	29093562	1	protein_coding	cbsa	cystathionine beta-synthase a [Source:ZFIN;Acc:ZDB-GENE-050417-367]	158	848	400	270	692	751	283	256	276	284	305	357	174.34323234966544	665.0832392990565	386.87733252101907	359.9338482259321	616.1100907136131	704.0338770928357	297.24807060357347	299.0721827187656	399.721262451347	230.51932255349095	288.30485401047105	258.32723496138857	0.1505214964855401
ENSDARG00000025311	0.6151539275898601	0.9692516360940507	0.26910941370752145	17	21833719	21859164	-1	protein_coding	cuzd1.2	CUB and zona pellucida-like domains 1, tandem duplicate 2 [Source:ZFIN;Acc:ZDB-GENE-131119-30]	117	230	201	108	100	57	199	134	89	18	103	70	129.1022669931067	180.38814273441392	194.4058595918121	143.97353929037283	89.03325010312328	53.43532755564798	209.01896130781316	156.54559564185388	128.89562448612276	14.610379598460694	97.36196709206071	50.65239901203697	0.15003196691140033
ENSDARG00000112454	7.429449985628416e-6	0.0017297597780972388	0.8594144980432723	10	21913105	21955231	-1	protein_coding	FO744833.2	poly [ADP-ribose] polymerase 14 [Source:NCBI gene;Acc:562648]	265	491	207	204	270	210	122	87	99	155	179	282	292.41111754848953	385.0894699243358	200.20901957962738	271.9500186595931	240.38977527843286	196.86699625765044	128.14227778669954	101.6378120958305	143.3782789227658	125.81160209785598	169.20186514057153	204.0568074484918	0.14851019718884567
ENSDARG00000039730	0.5392869695638389	0.9628138917433751	-0.18389802981036896	7	35062132	35066457	-1	protein_coding	zgc:112160	zgc:112160 [Source:ZFIN;Acc:ZDB-GENE-050417-229]	5616	6726	3255	4044	8323	10214	6889	3823	7962	10424	5280	7385	6196.908815669121	5275.176730572469	3148.2142933897926	5391.009193428405	7410.237406082951	9575.235713217342	7235.8373087915825	4466.222478647816	11531.089462455162	8461.033163019682	4990.982390738646	5343.828095769901	0.14829091648495657
ENSDARG00000113315	0.049465471749226456	0.6185609602906468	0.7465018532537846	12	46098784	46112892	-1	protein_coding	zgc:153932	zgc:153932 [Source:ZFIN;Acc:ZDB-GENE-070209-223]	398	550	265	276	418	351	333	69	278	119	193	275	439.1683954124484	431.36295001707674	256.30623279517516	367.93237818650834	372.1589854310553	329.0491223163586	349.7653975653356	80.60929924841729	402.6177933386756	96.59084290093459	182.43553057056036	198.9915675472881	0.14818708282303727
ENSDARG00000042613	0.050744668385103366	0.6236884510081332	0.7193919557295722	24	38092608	38097305	-1	protein_coding	crp3	C-reactive protein 3 [Source:ZFIN;Acc:ZDB-GENE-060503-220]	289	278	873	365	310	872	197	295	189	430	439	289	318.8936338547678	218.03436382681332	844.3597782271241	486.57723926838963	276.0030753196822	817.46676541272	206.9182682293427	344.6339605548276	273.72216885255284	349.02573485211656	414.9699374117927	209.1220473496955	0.14811219251516317
ENSDARG00000053803	5.0601161899171325e-8	1.975795011340963e-5	0.7939689393931844	19	43790932	43819610	-1	protein_coding	klhl43	kelch-like family member 43 [Source:ZFIN;Acc:ZDB-GENE-141212-285]	803	1393	932	672	897	901	665	524	334	415	568	638	886.0608580808946	1092.5247079523417	901.4241847739745	895.8353555845421	798.6282534250158	844.6531601340146	698.4804485914359	612.1633740024733	483.7206581838765	336.850418520066	536.9087117309756	461.6604367097084	0.1478061800263274
ENSDARG00000062788	0.04908318272530507	0.6172018923542816	0.8422109029642456	14	11427052	11430610	-1	protein_coding	irg1l	immunoresponsive gene 1, like [Source:ZFIN;Acc:ZDB-GENE-061103-301]	1059	1512	922	1065	1027	956	970	109	780	552	437	659	1168.5410320145297	1185.855964410582	891.752251460949	1419.7390680022875	914.3714785590762	896.2135639157801	1018.8361430581848	127.33932779822442	1129.6470460581545	448.0516410194613	413.0794137789372	476.8561564133195	0.14689430147779495
ENSDARG00000043093	0.007509283797827006	0.2577713848208491	1.4056380226001604	8	19356072	19359834	1	protein_coding	mpeg1.2	macrophage expressed 1, tandem duplicate 2 [Source:ZFIN;Acc:ZDB-GENE-050522-305]	899	1265	703	600	944	978	555	65	483	104	165	516	991.9909233060079	992.1347850392765	679.936911905691	799.8529960576268	840.4738809734838	916.8377254284864	582.9423292755594	75.93629639343658	699.5122092898573	84.415526568884	155.9681997105827	373.3805412887297	0.1468514491005195
ENSDARG00000006848	0.5383154948856019	0.9628138917433751	0.7267149665171792	9	23754275	23765480	-1	protein_coding	parp9	poly(ADP-ribose) polymerase family member 9 [Source:ZFIN;Acc:ZDB-GENE-081104-179]	4	153	3	2	40	33	1	2	21	9	1	106	4.4137527177130496	119.99732973202316	2.901579993907643	2.6661766535254228	35.61330004124932	30.936242269059356	1.050346539235242	2.336501427490356	30.413574316950317	7.305189799230347	0.9452618164277738	76.70220421822742	0.14610424078173534
ENSDARG00000091783	0.9481005571546322	0.9959409562638903	-0.04821009580152075	3	30998362	31019832	-1	protein_coding	si:dkeyp-71f10.5	si:dkeyp-71f10.5 [Source:ZFIN;Acc:ZDB-GENE-131121-547]	366	68	87	405	67	80	241	328	244	59	177	72	403.858373670744	53.33214654756585	84.145819823321645	539.900772338898	59.652277569092604	74.99695095529542	253.13351595569333	383.18623410841843	353.37676825408937	47.88957757273228	167.31134150771598	52.09961041238088	0.14581448755668958
ENSDARG00000057590	0.1553214518426405	0.830954543292341	0.6822595965257934	22	15643174	15693085	-1	protein_coding	si:ch1073-396h14.1	si:ch1073-396h14.1 [Source:ZFIN;Acc:ZDB-GENE-070705-6]	127	183	57	115	136	162	106	27	18	171	143	45	140.1366487873893	143.52621791477281	55.13001988424522	153.3051575777118	121.08522014024767	151.8688256844732	111.33673315893566	31.54276927111981	26.068777985957414	138.7986061853766	135.17243974917167	32.562256507738056	0.14541317819611635
ENSDARG00000077068	0.058771003115762305	0.6486589653893735	0.7688383101918252	22	9389801	9459026	1	protein_coding	si:ch211-11p18.6	si:ch211-11p18.6 [Source:ZFIN;Acc:ZDB-GENE-070912-24]	117	176	235	108	107	121	108	135	18	44	77	126	129.1022669931067	138.03614400546456	227.2904328560987	143.97353929037283	95.26557761034192	113.43288831988431	113.43742623740614	157.71384635559906	26.068777985957414	35.714261240681694	72.78515986493859	91.17431822166655	0.14498404427456768
ENSDARG00000030844	0.033703159957525514	0.5303821193103335	-0.5308676149957137	20	29502065	29505863	-1	protein_coding	klf11a	Kruppel-like factor 11a [Source:ZFIN;Acc:ZDB-GENE-030131-3568]	135	377	147	176	435	362	339	189	290	509	313	735	148.9641542228154	295.6796948298871	142.17741970147452	234.6235455102372	387.2946379485863	339.36120307271176	356.06747680074704	220.79938489783868	419.9969786626472	413.14906753424964	295.86694854189324	531.8501896263882	0.14425824011419594
ENSDARG00000019521	0.12193651457410516	0.7869081715526188	0.3593668349844619	10	7778870	7785945	-1	protein_coding	mpx	myeloid-specific peroxidase [Source:ZFIN;Acc:ZDB-GENE-030131-9460]	416	498	196	221	275	425	203	265	170	332	387	191	459.03028264215715	390.57954383364404	189.56989293529935	294.6125202145592	244.84143778358904	398.42130195000686	213.22034746475413	309.5864391424722	246.20512542293113	269.4803348160528	365.8163229575485	138.20868873284374	0.1432555907159408
ENSDARG00000055278	0.0013464609867850981	0.09653484103350685	0.6918469271433693	21	27416284	27431397	1	protein_coding	cfb	complement factor B [Source:ZFIN;Acc:ZDB-GENE-980526-487]	2185	1617	1212	1490	1593	2409	801	822	1262	995	1072	1468	2411.0124220507532	1268.2070730502055	1172.2383175386879	1986.3016068764398	1418.299674142754	2258.345685641333	841.3275779274288	960.3020866985364	1827.7109899043476	807.6293166926883	1013.3206672105737	1062.2531678524326	0.14254557792890493
ENSDARG00000098890	0.11111251405533464	0.7680945875193381	0.5493568826484959	23	42414652	42428299	1	protein_coding	cyp2aa9	cytochrome P450, family 2, subfamily AA, polypeptide 9 [Source:ZFIN;Acc:ZDB-GENE-080724-3]	76	97	139	120	77	131	56	107	19	104	122	40	83.86130163654794	76.07673845755717	134.43987305105412	159.97059921152535	68.55560257940493	122.80750718929623	58.819406197173556	125.00282637073407	27.517043429621715	84.415526568884	115.32194160418841	28.94422800687827	0.1423332271342248
ENSDARG00000010312	0.006290819570570892	0.23521832645988913	0.5033285854953085	22	38173960	38199988	1	protein_coding	cp	ceruloplasmin [Source:ZFIN;Acc:ZDB-GENE-010522-1]	3739	4263	4907	3813	3547	4434	2599	3256	2414	1815	3063	4102	4125.755352882273	3343.4550107687237	4746.017676701602	5083.0657899462185	3158.009381157783	4156.706006697248	2729.850655472394	3803.8243239543	3496.112781005622	1473.21327617812	2895.3369437182714	2968.2305821053665	0.14152834820606547
ENSDARG00000099101	0.4546772229596892	0.9474181350701375	-0.34055651262353337	12	25085751	25092570	1	protein_coding	gch2	GTP cyclohydrolase 2 [Source:ZFIN;Acc:ZDB-GENE-001205-3]	1913	2061	2299	1261	722	635	2276	1863	327	2052	3163	2120	2110.877237246266	1616.4346181549004	2223.5774686645573	1681.024380047779	642.8200657445501	595.2882982076574	2390.588723299411	2176.451079707267	473.58280007822634	1665.583274224519	2989.863125361049	1534.0440843645483	0.14048642298473749
ENSDARG00000020693	0.9556765789859772	0.996859260995765	0.012093341242270971	20	32152355	32231157	1	protein_coding	sesn1	sestrin 1 [Source:ZFIN;Acc:ZDB-GENE-040718-408]	3280	2048	2669	2945	2121	1839	3275	2628	1512	2714	2245	3024	3619.2772285247006	1606.2387666090422	2581.4390012464996	3925.945122316185	1888.395234687245	1723.9924100848532	3439.8849159954175	3070.1628757223284	2189.7773508204227	2202.920568345685	2122.1127778803525	2188.183637319997	0.13955182037250569
ENSDARG00000113599	0.6865980500469288	0.9746311696947231	-0.12079568503277775	3	55114097	55114874	1	protein_coding	hbbe1.1	hemoglobin beta embryonic-1.1 [Source:ZFIN;Acc:ZDB-GENE-030616-7]	6984	8897	6743	4416	4254	4006	7473	5341	2212	9559	9492	5024	7706.412245126984	6977.883938730785	6521.784632973079	5886.9180509841335	3787.4744593868645	3755.472319086418	7849.239687704963	6239.627062112997	3203.5631613854334	7758.923254538098	8972.42516153243	3635.395037663911	0.13935860231886518
ENSDARG00000093844	0.22842582410992351	0.8792766651133643	-0.39086899593354385	7	35068036	35069807	1	protein_coding	zgc:136461	zgc:136461 [Source:ZFIN;Acc:ZDB-GENE-060519-7]	3154	5349	1854	1441	7422	5705	6419	3713	4847	4264	4039	7236	3480.2440179167393	4195.200762984261	1793.1764362349234	1920.980278865067	6608.04782265381	5348.220064999504	6742.1744353510185	4337.714900135847	7019.742605440866	3461.0365893242442	3817.9124765517786	5236.010846444279	0.1391119901698053
ENSDARG00000088625	0.3458594148916234	0.9208438885752978	1.6833773547896844	7	73444325	73445871	1	protein_coding	si:ch211-142d6.2	si:ch211-142d6.2 [Source:ZFIN;Acc:ZDB-GENE-141216-119]	0	97	7	45	0	17	0	0	0	15	10	38	0	76.07673845755717	6.770353319117834	59.98897470432201	0	15.936852078000275	0	0	0	12.175316332050578	9.45261816427774	27.497016606534356	0.1382150067548347
ENSDARG00000021339	0.4875137465921649	0.9516254842924924	-0.20008289468421295	25	18459924	18470695	-1	protein_coding	cpa5	carboxypeptidase A5 [Source:ZFIN;Acc:ZDB-GENE-020514-1]	9091	12326	5658	6244	16788	16332	12925	8196	14006	13052	9840	13695	10031.356489182333	9667.235858019068	5472.3798685098145	8323.80351230637	14946.902027312337	15310.627537523558	13575.729019615503	9574.98284985548	20284.405803962196	10594.148584394943	9301.376273649295	9909.780063854947	0.13711749754358754
ENSDARG00000059914	0.0832197650173115	0.7108302470313778	1.0207866756270714	3	58379450	58416968	1	protein_coding	sdr42e2	short chain dehydrogenase/reductase family 42E, member 2 [Source:ZFIN;Acc:ZDB-GENE-101203-3]	29	86	107	185	58	78	68	80	22	17	60	22	31.999707203419607	67.44947945721563	103.4896864493726	246.6213404511016	51.639285059811506	73.12202718141303	71.42356466799646	93.46005709961425	31.861839760614618	13.798691842990655	56.71570898566643	15.919325403783049	0.1369237616229889
ENSDARG00000079227	0.06442093045110696	0.66333485653241	0.9918771945644135	12	30517386	30523229	-1	protein_coding	plekhs1	pleckstrin homology domain containing, family S member 1 [Source:ZFIN;Acc:ZDB-GENE-080204-50]	648	625	312	397	599	594	350	38	459	149	129	351	715.027940269514	490.18517047395085	301.7643193663949	529.2360657247964	533.3091681177085	556.8523608430685	367.62128873233473	44.39352712231677	664.7538386419141	120.94147556503574	121.93877431918283	253.98560076035682	0.13669011612935306
ENSDARG00000022817	7.009272364859103e-5	0.01027905240831026	-0.8541309230037801	12	17705218	17707517	-1	protein_coding	pvalb3	parvalbumin 3 [Source:ZFIN;Acc:ZDB-GENE-040426-945]	61	201	136	82	193	132	222	216	165	180	198	447	67.30972894512401	157.6435508244226	131.5382930571465	109.31324279454233	171.83417269902793	123.74496907623742	233.17693171022373	252.34215416895847	238.96379820460962	146.10379598460693	187.16183965269923	323.4517479768647	0.13625797620562874
ENSDARG00000023176	0.40902787825064335	0.9352445572019912	-0.281604024402521	11	34084532	34097437	-1	protein_coding	tdo2b	tryptophan 2,3-dioxygenase b [Source:NCBI gene;Acc:334082]	128	265	121	207	379	217	277	189	190	283	114	600	141.24008696681759	207.83851228095514	117.03039308760827	275.94928363988123	337.43601789083726	203.4292294662388	290.945991368162	220.79938489783868	275.17043429621714	229.7076347980209	107.75984707276622	434.1634201031741	0.13612725599624148
ENSDARG00000117818	0.03407806665711755	0.5333165979654952	0.8317109659427319	7	936128	964628	1	lincRNA	CR926130.2	NA	317	246	241	162	338	292	213	117	123	31	152	240	349.78990287875916	192.93688309854704	233.093592843914	215.96030893555923	300.9323853485567	273.73887098682826	223.72381285710654	136.68533350818583	178.13664957070898	25.162320419571195	143.67979609702164	173.66536804126963	0.13607491782167225
ENSDARG00000018342	0.013965492388660529	0.3535394162269723	-0.5789439495063581	10	41624711	41664427	-1	protein_coding	ggt1b	gamma-glutamyltransferase 1b [Source:ZFIN;Acc:ZDB-GENE-110408-13]	111	206	160	151	339	141	359	270	205	194	207	366	122.48163791653712	161.5650321882142	154.75093300840763	201.29633734116942	301.82271784958795	132.18212605870815	377.07440758545187	315.4276927111981	296.89441595118166	157.46742456118747	195.6691960005492	264.8396862629362	0.13596565968926894
ENSDARG00000093082	0.4456325606242575	0.9453476400136134	1.952984905168147	1	56595955	56596701	-1	protein_coding	LO018605.1	NA	0	74	0	0	63	24	0	0	19	0	0	11	0	58.03792418411578	0	0	56.09094756496767	22.499085286588624	0	0	27.517043429621715	0	0	7.959662701891524	0.1352288758352792
ENSDARG00000016391	0.002281013137447814	0.13041620429397832	0.879457415889608	11	2111582	2131280	-1	protein_coding	calcoco1b	calcium binding and coiled-coil domain 1b [Source:ZFIN;Acc:ZDB-GENE-031118-126]	203	476	311	227	143	152	116	141	44	117	229	188	223.99795042393725	373.32502583296093	300.79712603509233	302.61105017513546	127.3175476474663	142.4942068150613	121.84019855128807	164.72335063807012	63.723679521229236	94.96746738999451	216.46495596196021	136.03787163232786	0.13495583451559254
ENSDARG00000012609	0.9867888795124157	0.9988757182040141	-0.01143568247834997	9	32840114	32847642	-1	protein_coding	hpxa	hemopexin a [Source:NCBI gene;Acc:327588]	65	168	38	9	130	76	33	52	143	11	43	128	71.72348166283705	131.761773823398	36.753346589496815	11.997794940864402	115.74322513406027	71.24710340753064	34.66143579476299	60.749037114749264	207.10195844399502	8.928565310170423	40.64625810639428	92.62152962201047	0.13306649934320347
ENSDARG00000043997	0.41254005804320865	0.9367141973191374	0.5382574623289923	25	17386763	17395315	-1	protein_coding	cyp2x8	cytochrome P450, family 2, subfamily X, polypeptide 8 [Source:ZFIN;Acc:ZDB-GENE-040704-28]	23	85	41	50	199	223	53	34	100	19	27	169	25.379078126850033	66.66518318445732	39.65492658340445	66.65441633813556	177.17616770521533	209.05400078788597	55.66836657946783	39.72052426733606	144.82654436643008	15.422067353930732	25.522069043549894	122.28936332906069	0.132654998637107
ENSDARG00000090428	0.4892523481148036	0.9523322465127269	-0.20029167861369926	7	35075847	35079299	1	protein_coding	ctrb1	chymotrypsinogen B1 [Source:ZFIN;Acc:ZDB-GENE-030131-1171]	14800	19113	8779	11675	27416	25208	19308	13277	23427	22350	15771	22186	16330.885055538281	14990.254661229796	8490.990255505067	15563.806214954655	24409.35584827228	23631.539246013584	20280.090979554054	15510.86472639473	33928.51454872357	18141.221334755362	14907.724106882422	16053.916064015033	0.13103047239483168
ENSDARG00000105411	0.10919843487575052	0.7629576020007035	-0.3542356246388127	14	46221004	46228094	-1	protein_coding	si:ch211-113d11.5	si:ch211-113d11.5 [Source:ZFIN;Acc:ZDB-GENE-030131-6391]	375	1036	1112	274	989	909	989	918	757	1005	862	1097	413.7893172855984	812.5309385776209	1075.518984408433	365.2662015329829	880.5388435198893	852.1528552295441	1038.7927273036544	1072.4541552180735	1096.3369408538756	815.7461942473888	814.8156857607411	793.7954530886366	0.13039039530961402
ENSDARG00000042667	0.001571819711898543	0.10519739524730527	-0.7030404723534246	22	15898221	15900919	1	protein_coding	klf2a	Kruppel-like factor 2a [Source:ZFIN;Acc:ZDB-GENE-011109-1]	504	458	302	262	292	313	685	490	622	572	432	516	556.1328424318442	359.2076929233112	292.0923860533694	349.2691416118304	259.97709030112	293.4255706125933	719.4873793761408	572.4428497351373	900.821105959195	464.28539612886203	408.3531046967983	373.3805412887297	0.1300509002340637
ENSDARG00000006526	0.7001710095057743	0.9765005459091951	-0.10964058210782772	1	5504128	5543065	-1	protein_coding	fn1b	fibronectin 1b [Source:ZFIN;Acc:ZDB-GENE-030131-6545]	19148	9944	9543	9474	11104	13135	12172	15707	11412	7559	13775	16490	21128.634259692368	7799.042136308747	9229.925960620212	12629.678807749928	9886.25209145081	12313.561884972565	12784.818075571366	18349.713960795514	16527.605243097	6135.547743598021	13020.981521292586	11932.257995835567	0.12970193925497156
ENSDARG00000100302	0.5550309900289861	0.963350989884724	0.32870686192102355	4	68475654	68497731	1	protein_coding	si:dkey-237g15.2	si:dkey-237g15.2 [Source:ZFIN;Acc:ZDB-GENE-060503-157]	60	135	138	92	58	7	80	84	59	37	52	57	66.20629076569574	105.87999682237339	133.4726797197516	122.64412606216945	51.639285059811506	6.562233208588348	84.02772313881937	98.13305995459497	85.44766117619375	30.032446952391428	49.15361445424424	41.24552490980154	0.12962786801570225
ENSDARG00000039393	0.05206801518356092	0.6279440234380099	-0.6469227777432522	4	8042805	8043964	-1	protein_coding	si:ch211-240l19.5	si:ch211-240l19.5 [Source:ZFIN;Acc:ZDB-GENE-041210-327]	357	502	252	238	607	562	632	306	806	890	341	764	393.92743005588966	393.7167289246773	243.73271948824203	317.2750217695253	540.4318281259583	526.8535804609503	663.819012796673	357.4847184060245	1167.3019475934263	722.4021023683343	322.3342794018709	552.834754931375	0.12959803050642588
ENSDARG00000010423	0.8176106283557623	0.9860727873292866	-0.05797678109371387	7	38653481	38659477	-1	protein_coding	npsn	nephrosin [Source:ZFIN;Acc:ZDB-GENE-040420-2]	287	447	145	225	236	314	188	325	152	380	444	211	316.6867574959113	350.58043392296963	140.2430330388694	299.9448735216101	210.11847024337095	294.3630324995345	197.4651493762255	379.6814819671829	220.13634743697372	308.4413470786146	419.6962464939316	152.68080273628289	0.12927950442970482
ENSDARG00000079274	0.4092316115068224	0.9352445572019912	-0.2623793536269475	16	26012569	26013851	1	protein_coding	prss59.1	serine protease 59, tandem duplicate 1 [Source:ZFIN;Acc:ZDB-GENE-030131-1173]	12247	16610	6869	8795	22575	22241	16939	10567	20870	19999	12936	19574	13513.807383457928	13027.161090515718	6643.6509927172	11724.511833878047	20099.25621078008	20850.089827459065	17791.820028105765	12344.905292145299	30225.299809273958	16232.943421645301	12227.906857309683	14163.857975165882	0.12855748226801067
ENSDARG00000089050	0.8266654445044506	0.9863053333263582	0.11876813195564331	17	21870044	21884323	-1	protein_coding	cuzd1.1	CUB and zona pellucida-like domains 1, tandem duplicate 1 [Source:ZFIN;Acc:ZDB-GENE-131122-16]	82	145	115	84	59	30	153	77	71	20	79	34	90.4819307131175	113.7229595499566	111.22723309979298	111.97941944806776	52.52961756084274	28.12385660823578	160.70302050299202	89.95530495837872	102.82684650016536	16.23375510940077	74.67568349779414	24.60259380584653	0.12728402916377923
ENSDARG00000087359	4.868872688678516e-6	0.0012083364923199517	1.4818123069654159	1	56229674	56266731	1	protein_coding	c3a.2	complement component c3a, duplicate 2 [Source:ZFIN;Acc:ZDB-GENE-990415-36]	2173	3485	1501	2727	3163	3937	676	643	1282	746	968	1592	2397.771163897614	2733.2725105627496	1451.7571902851241	3635.331867081914	2816.1217007617897	3690.7874488874754	710.0342605230236	751.1852089381496	1856.6762987776335	605.5190655806488	915.0134383020851	1151.9802746737553	0.12647877846230163
ENSDARG00000026771	6.522570384793146e-7	2.0178867064406632e-4	0.8089233128019127	1	30422143	30438036	1	protein_coding	tmem41ab	transmembrane protein 41ab [Source:NCBI gene;Acc:406356]	272	663	282	249	384	416	193	159	160	264	265	208	300.1351848044873	519.988428838767	272.74851942731846	331.93899336391513	341.8876803959934	389.9841449675361	202.71688207240172	185.75186348548334	231.72247098628813	214.2855674440902	250.49438135336007	150.509985635767	0.12644979139613918
ENSDARG00000052578	0.503014312278635	0.9571817183872898	-0.2855092655595253	7	38635538	38638809	-1	protein_coding	c6ast4	six-cysteine containing astacin protease 4 [Source:ZFIN;Acc:ZDB-GENE-050626-100]	2034	2967	1299	977	4813	4134	3755	2009	4212	2040	2017	3713	2244.3932569570857	2327.007041273939	1256.3841373620094	1302.427295247169	4285.170327463324	3875.46744061489	3944.0512548283336	2347.0156839140627	6100.094048714035	1655.8430211588786	1906.5930837348199	2686.7479647384753	0.12644940670259644
ENSDARG00000041433	0.06616415118383996	0.6656893767565081	0.7613888181319217	20	46039591	46043405	1	protein_coding	si:dkey-7c18.24	si:dkey-7c18.24 [Source:ZFIN;Acc:ZDB-GENE-041014-63]	397	1738	678	1409	1202	522	830	437	291	308	657	1108	438.06495723302015	1363.1069220539625	655.7570786231273	1878.3214524086602	1070.1796662395418	489.35510498330257	871.7876275652509	510.52556190664285	421.4452441063115	249.99982868477187	621.0370133930475	801.7551157905281	0.12543590669447277
ENSDARG00000099099	0.30571445158432264	0.9104978041212307	0.6266369195265992	4	76838989	76891899	1	lincRNA	CABZ01015815.1	NA	230	325	211	26	286	263	177	114	121	46	273	28	253.79078126850033	254.89628864645442	204.07779290483757	34.660296495830494	254.6350952949326	246.55247626553367	185.91133744463784	133.18058136695032	175.2401186833804	37.33763675162177	258.0564758847823	20.26095960481479	0.12494219747691684
ENSDARG00000073742	0.4776824999556505	0.9504777281470469	-0.21722485386488544	16	26017360	26018694	1	protein_coding	prss59.2	serine protease 59, tandem duplicate 2 [Source:ZFIN;Acc:ZDB-GENE-110408-10]	15151	18708	8091	11054	25568	24537	19167	11455	23458	23377	14734	21470	16718.191856517602	14672.614670762676	7825.561243568914	14735.958364035012	22764.021386366563	23002.502319876043	20131.992117521884	13382.311925951017	33973.41077747717	18974.824659623093	13927.48760324682	15535.814382691911	0.12492178141599096
ENSDARG00000096655	0.8235801509315231	0.9863047050926672	0.13968583411609756	20	14657141	14661432	1	antisense	BX901920.1	NA	93	737	463	332	887	295	141	131	721	697	413	130	102.6197506868284	578.0263530228829	447.8105123930796	442.58532448522016	789.7249284147035	276.5512566476518	148.09886203216914	153.04084350061834	1044.199384881961	565.7463655626169	390.3931301846706	94.06874102235437	0.12428375331172843
ENSDARG00000100792	0.2872002823593494	0.902894582266496	0.3934088548425274	1	50794669	50838160	-1	protein_coding	zgc:154142	zgc:154142 [Source:ZFIN;Acc:ZDB-GENE-070615-2]	214	915	488	374	940	893	397	347	505	258	337	912	236.13577039764814	717.6310895738641	471.99034567564325	498.57503420925406	836.9125509693589	837.153465038485	416.98757607639106	405.3829976695768	731.3740490504719	209.41544091126994	318.5532321361598	659.9283985568246	0.12375204796425175
ENSDARG00000036985	0.33088403307346226	0.9150362655257385	-0.41114901352226285	25	5604512	5681121	1	protein_coding	plxnb2b	plexin b2b [Source:ZFIN;Acc:ZDB-GENE-080902-1]	220	121	267	57	112	162	276	262	122	80	254	209	242.75639947421772	94.89984900375688	258.2406194577802	75.98603462547455	99.71724011549809	151.8688256844732	289.8956448289268	306.0816870012367	176.68838412704469	64.93502043760309	240.09650137265456	151.23359133593897	0.12233865011560792
ENSDARG00000042753	0.2282905065856604	0.8792766651133643	-0.39619476580739554	22	16406920	16419126	-1	protein_coding	cts12	cathepsin 12 [Source:ZFIN;Acc:ZDB-GENE-050208-336]	132	134	77	87	88	82	114	50	62	379	135	108	145.65383968453062	105.09570054961506	74.47388651029617	115.97868442835589	78.34926009074849	76.87187472917779	119.73950547281758	58.41253568725891	89.79245750718665	307.6296593231446	127.61034521774948	78.14941561857133	0.12174418738305204
ENSDARG00000068680	0.5002480690044977	0.9566386624429266	-0.17553557781340307	15	37820258	37829160	-1	protein_coding	ctrl	chymotrypsin-like [Source:ZFIN;Acc:ZDB-GENE-040912-147]	6807	9242	4299	4774	11903	10799	8842	6085	9749	9119	7017	10240	7511.1036873681815	7248.466152832406	4157.964131269652	6364.163671965184	10597.627759774765	10123.650917077939	9287.164099918009	7108.805593139409	14119.139810283268	7401.780642131282	6632.902165873689	7409.722369760837	0.12080886691141429
ENSDARG00000092204	0.9532184194382354	0.9965055172910481	0.03744578720300404	4	76659013	76667229	1	protein_coding	ms4a17a.5	membrane-spanning 4-domains, subfamily A, member 17A.5 [Source:ZFIN;Acc:ZDB-GENE-040912-55]	63	83	42	16	52	52	65	33	35	10	121	7	69.51660530398053	65.09659063894067	40.62211991470701	21.329413228203382	46.29729005362411	48.748018120942014	68.27252505029072	38.55227355359088	50.689290528250524	8.116877554700386	114.37667978776064	5.0652399012036975	0.11995703388079403
ENSDARG00000052515	1.80365438836981e-8	8.146746141388757e-6	1.0481404176671805	12	20641102	20652923	1	protein_coding	calcoco2	calcium binding and coiled-coil domain 2 [Source:ZFIN;Acc:ZDB-GENE-050522-346]	141	411	147	184	261	202	101	70	76	137	115	145	155.58478329938498	322.3457681036701	142.17741970147452	245.2882521243389	232.3767827691518	189.36730116212092	106.08500046275944	81.77754996216247	110.06817371848686	111.20122249939529	108.705108889194	104.92282652493373	0.11985617240698558
ENSDARG00000036833	0.5534786656749402	0.963350989884724	-0.29248477786914595	9	16097812	16109001	-1	protein_coding	upp2	uridine phosphorylase 2 [Source:ZFIN;Acc:ZDB-GENE-040426-830]	57	255	89	121	308	269	150	139	281	122	86	503	62.895976227410955	199.99554955337194	86.08020648592675	161.30368753828807	274.22241031761973	252.17724758718083	157.5519808852863	162.38684921057975	406.9625896696685	99.0259061673447	81.29251621278856	363.97366718649425	0.11921930931721686
ENSDARG00000043171	0.774176281442434	0.9828062705071566	-0.1649031355431716	22	7486867	7492548	1	protein_coding	cela1.4	chymotrypsin like elastase family member 1, tandem duplicate 4 [Source:ZFIN;Acc:ZDB-GENE-050626-127]	100	121	29	70	297	381	185	64	259	231	117	169	110.34381794282623	94.89984900375688	28.048606607773884	93.31618287338979	264.4287528062762	357.1729789245944	194.31410975851978	74.7680456796914	375.1007499090539	187.4998715135789	110.59563252204954	122.28936332906069	0.11788292499529905
ENSDARG00000013856	0.5819108203181182	0.9692516360940507	-0.2527438552643621	2	15612755	15626972	1	protein_coding	amy2a	amylase alpha 2A [Source:ZFIN;Acc:ZDB-GENE-040426-2393]	1303	1539	608	767	2697	3450	2228	1295	2754	1424	1366	2071	1437.7799477950257	1207.0319637750565	588.053545431949	1022.4787466269996	2401.226755281235	3234.2435099471145	2340.1720894161194	1512.8846743000058	3988.523031851484	1155.843363789335	1291.2276412403392	1498.5874050561224	0.11744360964379542
ENSDARG00000086950	0.6474270194794478	0.9700492420924138	0.14742671314745046	16	53203370	53247374	1	protein_coding	si:ch211-269k10.2	si:ch211-269k10.2 [Source:ZFIN;Acc:ZDB-GENE-131120-171]	352	288	357	342	178	234	265	214	95	573	264	324	388.4102391587483	225.87732655439655	345.2880192750095	455.9162077528473	158.47918518355945	219.36608154423908	278.34183289733915	250.00565274146814	137.58521714810857	465.0970838843321	249.5491195369323	234.448246855714	0.11575031389764641
ENSDARG00000069471	0.4236296776791115	0.9392247514869672	0.49218580710892473	1	47140788	47151790	-1	protein_coding	mhc1zca	major histocompatibility complex class I ZCA [Source:ZFIN;Acc:ZDB-GENE-070424-4]	26	147	20	31	108	15	17	19	48	21	79	33	28.68939266513482	115.29155209547324	19.343866626050954	41.32573812964405	96.15591011137315	14.06192830411789	17.855891166999115	22.196763561158384	69.51674129588643	17.04544286487081	74.67568349779414	23.878988105674573	0.11363257697078195
ENSDARG00000076192	1.957673321754099e-5	0.003844529938999528	-0.6759986810493548	12	16440708	16446373	1	protein_coding	ankrd1b	ankyrin repeat domain 1b (cardiac muscle) [Source:ZFIN;Acc:ZDB-GENE-070820-13]	444	1022	730	369	950	737	1059	960	868	1351	1211	986	489.9265516661485	801.5507907590044	706.0511318508599	491.90959257544046	845.8158759796712	690.9094106756589	1112.3169850501213	1121.520685195371	1257.0944051006131	1096.5901576400222	1144.7120596940342	713.4752203695493	0.11311447577844135
ENSDARG00000025608	0.6948671936698532	0.9759135660342734	-0.1850931504897934	3	32953075	32958574	-1	protein_coding	casp6b.1	caspase 6b.1, apoptosis-related cysteine peptidase [Source:ZFIN;Acc:ZDB-GENE-041010-48]	12	112	193	121	102	173	154	143	57	121	147	206	13.241258153139148	87.84118254893198	186.66831294139172	161.30368753828807	90.81391510518576	162.18090644082633	161.75336704222727	167.05985206556048	82.55113028886514	98.21421841187467	138.95348701488277	149.0627742354231	0.11246564345757223
ENSDARG00000043701	3.1301896840635276e-22	7.069220382489071e-19	2.1128835398916266	8	7033049	7052493	1	protein_coding	gpd1a	glycerol-3-phosphate dehydrogenase 1a [Source:ZFIN;Acc:ZDB-GENE-050417-209]	332	440	449	301	347	350	49	60	118	96	80	90	366.3414755701831	345.0903600136614	434.2698057548439	401.2595863555761	308.9453778578378	328.11166042941744	51.46698042252686	70.09504282471069	170.8953223523875	77.9220245251237	75.62094531422191	65.12451301547611	0.11216723106474782
ENSDARG00000079463	0.4977601179214732	0.9547794607150509	-0.5035306704186213	7	19509888	19526721	-1	protein_coding	man2b2	mannosidase, alpha, class 2B, member 2 [Source:ZFIN;Acc:ZDB-GENE-140106-166]	19	167	33	22	166	23	19	17	94	268	38	157	20.965325409136984	130.97747755063966	31.917379932984073	29.32794318877965	147.79519517118464	21.56162339964743	19.9565842454696	19.86026213366803	136.13695170444427	217.53231846597032	35.91994902425541	113.60609492699722	0.11188533582945587
ENSDARG00000002259	0.20434541274972592	0.8705544310269426	0.8590154727371438	12	4338298	4346085	-1	protein_coding	ca15c	carbonic anhydrase XV c [Source:ZFIN;Acc:ZDB-GENE-061013-737]	0	68	45	81	85	108	43	32	29	35	32	38	0	53.33214654756585	43.523699908614645	107.98015446777961	75.6782625876548	101.2458837896488	45.164901187115404	37.3840228398457	41.999697866264725	28.40907144145135	30.248378125688763	27.497016606534356	0.11085764877190385
ENSDARG00000104172	0.3230151142751955	0.9144452149722397	-0.3857586787995127	15	14854666	14858189	1	protein_coding	diabloa	diablo, IAP-binding mitochondrial protein a [Source:ZFIN;Acc:ZDB-GENE-040426-1303]	307	378	500	1023	706	604	844	444	775	1075	475	1317	338.7555210844765	296.4639911026455	483.59666565127384	1363.7493582782538	628.5747457280504	566.2269797124803	886.4924791145443	518.7033169028591	1122.405718839833	872.5643371302915	448.9993628031926	952.988707126467	0.11082574082113628
ENSDARG00000096508	0.9473687295802178	0.9959409562638903	-0.055782236838290165	20	12203762	12208117	1	lincRNA	BX322618.1	NA	327	2013	34	31	693	595	132	417	568	496	193	1771	360.8242846730418	1578.7883970625007	32.88457326428662	41.32573812964405	617.0004232146443	557.7898227300096	138.64574317905195	487.1605476317393	822.6147720013229	402.5971267131391	182.43553057056036	1281.5056950045355	0.11022399544602371
ENSDARG00000045638	0.05560616049532167	0.6378725414424963	0.5372937132507138	25	27923846	27932723	1	protein_coding	slc13a1	solute carrier family 13 member 1 [Source:ZFIN;Acc:ZDB-GENE-031222-3]	230	204	111	258	113	118	136	86	108	117	117	186	253.79078126850033	159.99643964269754	107.3584597745828	343.9367883047795	100.60757261652931	110.62050265906073	142.84712933599292	100.46956138208532	156.4126679157445	94.96746738999451	110.59563252204954	134.59066023198395	0.11017041008177592
ENSDARG00000093323	0.7060814730805771	0.9767093268210613	1.092261094344477	1	58091659	58102982	1	protein_coding	si:ch211-114l13.1	si:ch211-114l13.1 [Source:ZFIN;Acc:ZDB-GENE-070424-109]	0	0	0	45	0	48	0	0	0	57	3	0	0	0	0	59.98897470432201	0	44.99817057317725	0	0	0	46.2662020617922	2.8357854492833217	0	0.10982088011854341
ENSDARG00000010231	0.8349852015469622	0.9870867772056426	-0.0713372389170591	15	9053059	9069172	1	protein_coding	ppm1na	protein phosphatase, Mg2+/Mn2+ dependent, 1Na (putative) [Source:ZFIN;Acc:ZDB-GENE-040426-2731]	168	236	145	202	399	360	204	168	310	316	118	444	185.37761414394808	185.09392037096384	140.2430330388694	269.2838420060677	355.2426679114619	337.48627929882934	214.27069400398938	196.26611990918994	448.96228753593323	256.49333072853216	111.54089433847732	321.2809308763488	0.10881983018670088
ENSDARG00000031915	0.32423461749688565	0.9144452149722397	0.389744015509209	13	29952633	29980215	-1	protein_coding	hif1an	hypoxia inducible factor 1 subunit alpha inhibitor [Source:NCBI gene;Acc:373126]	158	288	68	167	152	224	67	45	112	291	153	169	174.34323234966544	225.87732655439655	65.76914652857324	222.6257505693728	135.3305401567474	209.99146267482715	70.37321812876121	52.57128211853302	162.20572969040168	236.20113684178122	144.6250579134494	122.28936332906069	0.10855881639580169
ENSDARG00000042641	0.29287957259590697	0.9048518868480582	0.5813090774542586	19	598657	617246	-1	protein_coding	cyp51	cytochrome P450, family 51 [Source:NCBI gene;Acc:414331]	257	1773	309	176	2334	1183	429	322	463	733	476	1470	283.5836121130634	1390.5572916005037	298.8627393724872	234.6235455102372	2078.0360574068973	1109.0174122514309	450.5986653319188	376.17672982594735	670.5469004165712	594.9671247595383	449.94462461962036	1063.7003792527764	0.10809626235468862
ENSDARG00000061274	0.39828304400334036	0.9335968348258539	0.4747349409479455	9	38481780	38500391	1	protein_coding	lss	lanosterol synthase (2,3-oxidosqualene-lanosterol cyclase) [Source:ZFIN;Acc:ZDB-GENE-050119-7]	38	317	66	42	466	287	92	75	87	188	114	300	41.93065081827397	248.62191846438787	63.834759865968145	55.98970972403388	414.8949454805545	269.0515615521223	96.63188160964226	87.61880353088836	125.99909359879416	152.59729802836725	107.75984707276622	217.08171005158704	0.10500277530504534
ENSDARG00000070011	0.8843419773462726	0.990207577303838	-0.13088615706765	9	12887491	12894091	1	protein_coding	hce2l2	high choriolytic enzyme 2-like 2 [Source:ZFIN;Acc:ZDB-GENE-070912-146]	77	28	26	3	29	26	2	2	13	124	68	21	84.9647398159762	21.960295637232996	25.14702661386624	3.999264980288134	25.819642529905753	24.374009060471007	2.100693078470484	2.336501427490356	18.82745076763591	100.64928167828478	64.27780351708863	15.195719703611092	0.10437299577385198
ENSDARG00000092379	0.010776547236762541	0.3096406396883527	2.894827947310716	8	2478862	2481965	1	protein_coding	si:dkeyp-51b9.3	si:dkeyp-51b9.3 [Source:ZFIN;Acc:ZDB-GENE-081104-469]	86	247	70	138	98	1	5	1	1	5	75	2	94.89568343083056	193.72117937130537	67.70353319117834	183.96618909325417	87.25258510106082	0.9374618869411926	5.2517326961762105	1.168250713745178	1.4482654436643008	4.058438777350193	70.89463623208304	1.4472114003439136	0.10303707415309382
ENSDARG00000005629	0.2474180516423209	0.8891190076905854	0.4912731283190042	20	572037	592746	1	protein_coding	smyd2b	SET and MYND domain containing 2b [Source:NCBI gene;Acc:568616]	531	358	699	179	1030	1107	218	423	575	346	530	446	585.9256732764073	280.778065647479	676.0681385804809	238.62281049052532	917.0424760621698	1037.7703088439002	228.97554555328276	494.1700519142104	832.7526301069729	280.8439633926333	500.98876270672014	322.7281422766927	0.10153071128045743
ENSDARG00000076819	0.9942171057548943	0.9993785870643954	-0.018063883521602424	15	41422248	41438821	-1	protein_coding	nlrc8	NLR family CARD domain containing 8 [Source:ZFIN;Acc:ZDB-GENE-070912-363]	1	81	133	0	0	0	94	41	0	0	52	0	1.1034381794282624	63.52799809342403	128.63671306323886	0	0	0	98.73257468811275	47.898279263552304	0	0	49.15361445424424	0	0.10120024575555697
ENSDARG00000111240	1.619431821788981e-4	0.020203349092113385	-0.7000477929276744	10	36784756	36793412	-1	protein_coding	dhrs13a.2	dehydrogenase/reductase (SDR family) member 13a, tandem duplicate 2 [Source:ZFIN;Acc:ZDB-GENE-040912-69]	318	624	436	557	540	665	1049	767	708	889	772	797	350.89334105818745	489.4008742011925	421.6962924479108	742.5301980068302	480.77955055686573	623.4121548158931	1101.813519657769	896.0482974425516	1025.3719341143249	721.5904146128643	729.7421222822414	576.7137430370495	0.10116902305699643
